data/esa_allip.ecsv
# %ECSV 1.0
# ---
# datatype:
# - {name: object_name, datatype: string}
# - {name: date, datatype: string}
# - {name: mjd, datatype: float64}
# - {name: sigma, datatype: float64}
# - {name: sigimp, datatype: float64}
# - {name: dist, datatype: float64}
# - {name: width, datatype: float64}
# - {name: stretch, datatype: float64}
# - {name: p_re, datatype: float64}
# - {name: exp_energy, datatype: float64}
# - {name: ps, datatype: float64}
# - {name: ts, datatype: float64}
# schema: astropy-2.0
object_name date mjd sigma sigimp dist width stretch p_re exp_energy ps ts
[from data line 29852]
2020NW8 2112-07-12.266 92644.266 0.433 0.0 1.16 0.013 421000.0 1.91e-06 5.81e-05 -9.53 0.0
2020NW8 2112-07-12.268 92644.268 0.445 0.0 1.35 0.005 220000.0 2.75e-06 5.85e-05 -9.37 0.0
2020NW8 2113-07-12.552 93009.552 0.813 0.0 1.3 0.005 7070000.0 8.91e-08 5.97e-05 -10.86 0.0
2020NW8 2114-07-12.376 93374.376 -1.898 0.0 1.56 0.006 608000.0 2.1e-07 5.24e-05 -10.53 0.0
2020NW8 2114-07-12.504 93374.504 0.189 0.0 1.29 0.006 1580000.0 7.83e-07 5.77e-05 -9.93 0.0
2020NW8 2114-07-12.616 93374.616 0.252 0.0 1.15 0.006 641000.0 1.46e-06 5.81e-05 -9.66 0.0
2020NW8 2114-07-12.686 93374.686 -0.023 0.0 1.43 0.0 158000000.0 3.7e-09 5.7e-05 -12.26 0.0
2020NW8 2117-07-10.900 94468.9 -0.953 0.0 0.32 0.003 669000.0 1.18e-06 5.54e-05 -9.78 0.0
2020NW8 2117-07-10.903 94468.903 -1.017 0.0 1.42 0.007 847000.0 8.28e-07 5.52e-05 -9.93 0.0
2020NW8 2117-07-11.897 94469.897 3.937 0.0 0.7 0.007 2080000.0 2.55e-10 7.02e-05 -13.36 0.0
2020NW8 2118-07-12.316 94835.316 -0.369 0.0 1.57 0.004 1920000.0 1.13e-07 5.64e-05 -10.8 0.0
2020NW8 2118-07-12.594 94835.594 0.824 0.0 0.74 0.006 19600000.0 4.15e-08 5.98e-05 -11.21 0.0
2020NW8 2120-07-12.227 95566.227 0.985 0.0 1.49 0.016 141000000.0 5.34e-09 6.03e-05 -12.11 0.0
2020NW8 2121-07-11.728 95930.728 1.574 0.0 0.4 0.009 3980000.0 8.8e-08 6.23e-05 -10.88 0.0
2020NW8 2122-07-12.546 96296.546 0.497 0.0 0.64 0.005 985000.0 1.04e-06 5.9e-05 -9.83 0.0
2020UA 2070-07-27.817 77319.817 -0.903 0.0 1.12 0.372 210000000.0 4.5e-09 0.0092 -10.12 0.0
2020UA 2074-07-22.045 78775.045 -1.466 0.0 1.83 0.241 920000.0 2.11e-07 0.00919 -8.49 0.0
2020UA 2076-10-19.537 79595.537 -1.517 0.678 1.75 15.81 26200.0 5.65e-07 0.00961 -8.06 0.0
2020UA 2076-10-20.152 79596.152 -1.402 0.0 1.59 0.025 2680000.0 1.3e-07 0.00923 -8.71 0.0
2020UA 2078-10-19.264 80325.264 -1.39 0.0 1.55 0.043 2780000.0 1.4e-07 0.00921 -8.7 0.0
2020UA 2080-10-20.028 81057.028 -1.567 0.0 1.06 0.077 19400000.0 2.35e-08 0.00919 -9.49 0.0
2020UA 2082-10-19.917 81786.917 -1.519 0.0 1.86 9.038 40200000.0 1.69e-09 0.00923 -10.64 0.0
2020UA 2086-10-19.266 83247.266 -1.516 0.0 1.64 1.96 242000000.0 9.47e-10 0.00916 -10.92 0.0
2020UA 2098-10-22.180 87633.18 0.754 4.173 0.36 4.036 4220000.0 1.44e-10 0.00958 -11.8 0.0
2020UA 2116-10-20.342 94205.342 -1.419 0.0 1.9 0.003 5640000.0 3.15e-08 0.00917 -9.57 0.0
2020UA 2119-10-22.231 95302.231 0.753 1.535 1.53 2.7 4760000.0 1.69e-09 0.00964 -10.83 0.0
2025YQ2 2097-12-18.405 87325.405 -3.983 0.0 0.59 0.003 114000.0 5.36e-09 0.00167 -10.83 0.0
2025YQ2 2108-12-18.421 91342.421 -2.267 0.0 1.23 0.001 31800.0 3.52e-06 0.00168 -8.07 0.0
2025YQ2 2111-12-18.882 92437.882 -2.266 0.0 0.85 0.0 3260000.0 3.75e-08 0.00168 -10.06 0.0
2025YQ2 2121-12-17.868 96089.868 -1.808 0.0 2.02 0.003 1100000.0 1.08e-07 0.00168 -9.65 0.0
2022SU7 2111-03-27.110 92171.11 0.192 0.0 1.63 0.013 22000000.0 6.9e-08 0.00901 -9.2 0.0
2022SU7 2115-09-28.355 93817.355 -0.356 0.0 1.0 0.032 11900000.0 1.45e-07 0.00897 -8.9 0.0
2022SU7 2121-09-29.363 96010.363 0.281 0.0 2.1 0.011 968000.0 1.06e-06 0.00898 -8.07 0.0
2017UL6 2062-10-27.577 74489.577 2.949 0.0 1.84 0.004 64100.0 1.16e-07 6.73e-05 -10.33 0.0
2017UL6 2062-10-27.601 74489.601 2.322 0.0 1.56 0.004 14600.0 3.82e-06 6.75e-05 -8.81 0.0
2017UL6 2068-10-27.529 76681.529 -1.605 0.0 0.43 0.046 2070000.0 1.92e-07 6.72e-05 -10.18 0.0
2017UL6 2069-10-27.237 77046.237 0.187 0.0 0.94 0.03 529000.0 2.47e-06 6.72e-05 -9.08 0.0
2017UL6 2069-10-27.240 77046.24 0.178 0.0 0.12 0.05 5970000.0 2.44e-07 6.72e-05 -10.09 0.0
2017UL6 2069-10-27.426 77046.426 -0.258 0.0 1.22 0.108 55400.0 1.95e-05 6.72e-05 -8.19 0.0
2017UL6 2069-10-27.439 77046.439 -0.116 0.0 0.58 0.098 54500.0 2.56e-05 6.72e-05 -8.07 0.0
2017UL6 2070-10-27.620 77411.62 2.34 0.0 1.0 0.011 504000.0 1.6e-07 6.75e-05 -10.28 0.0
2017UL6 2076-10-27.455 79603.455 -1.475 0.0 1.69 0.025 1020000.0 3.29e-07 6.72e-05 -10.02 0.0
2017UL6 2076-10-27.478 79603.478 -1.471 0.0 0.28 0.029 924000.0 5.38e-07 6.71e-05 -9.8 0.0
2017UL6 2077-10-27.390 79968.39 -0.114 0.0 0.08 0.127 72200000.0 2.03e-08 6.75e-05 -11.23 0.0
2017UL6 2089-10-27.429 84351.429 -0.254 0.0 1.39 0.11 5510000.0 1.71e-07 6.73e-05 -10.39 0.0
2017UL6 2091-10-27.386 85081.386 0.162 0.0 1.55 0.014 3590000.0 4.03e-07 6.72e-05 -10.03 0.0
2017UL6 2091-10-27.518 85081.518 -0.345 0.0 1.23 0.07 862000.0 1.21e-06 6.74e-05 -9.56 0.0
2017UL6 2091-10-27.548 85081.548 -0.028 0.0 0.22 0.566 1700000.0 8.22e-07 6.73e-05 -9.72 0.0
2017UL6 2105-10-28.098 90195.098 -0.534 0.0 1.79 0.065 3140000.0 9.85e-08 6.73e-05 -10.73 0.0
2017UL6 2105-10-28.112 90195.112 -0.521 0.0 0.43 0.014 1870000.0 6.72e-07 6.74e-05 -9.89 0.0
2017UL6 2105-10-28.355 90195.355 -0.321 0.0 1.67 0.069 247000.0 2.47e-06 6.72e-05 -9.33 0.0
2017UL6 2105-10-29.662 90196.662 -1.796 0.0 0.79 0.292 48400000.0 5.86e-09 6.72e-05 -11.95 0.0
2017UL6 2106-10-28.356 90560.356 0.158 0.0 0.12 0.0 79800000.0 1.83e-08 6.72e-05 -11.46 0.0
2017UL6 2106-10-28.474 90560.474 -0.361 0.0 1.18 0.022 1270000.0 8.46e-07 6.71e-05 -9.8 0.0
2017UL6 2106-10-28.511 90560.511 -0.011 0.0 0.32 0.058 1250000.0 1.17e-06 6.71e-05 -9.66 0.0
2017UL6 2114-10-28.488 93482.488 -0.011 0.0 1.13 0.06 57900000.0 2.03e-08 6.75e-05 -11.46 0.0
2017UL6 2119-10-29.155 95309.155 -1.839 0.0 1.86 0.026 11100000.0 2.55e-09 6.71e-05 -12.38 0.0
2018RJ3 2070-09-08.144 77362.144 -2.867 0.0 1.38 0.0 62200.0 2.41e-07 0.0234 -8.07 0.0
2020TT1 2117-10-11.307 94561.307 -0.485 0.0 0.42 0.0 6280000.0 1.36e-07 0.107 -8.08 0.0
2013TX68 2044-03-06.048 67680.048 -2.597 0.0 0.63 0.135 9810000.0 3.09e-09 1.83 -8.08 0.0
2014HY198 2057-05-06.364 72489.364 -1.309 0.0 1.9 0.076 65200000.0 7.36e-09 0.00158 -10.36 0.0
2014HY198 2065-05-05.988 75410.988 1.0 0.0 1.8 8.606 28300000.0 5.05e-09 0.00169 -10.59 0.0
2014HY198 2065-05-06.725 75411.725 -1.339 0.0 1.34 25.623 53100000.0 6.52e-10 0.00156 -11.51 0.0
2014HY198 2068-05-05.815 76506.815 1.423 0.0 1.44 5.586 10700000.0 1.23e-08 0.00171 -10.24 0.0
2014HY198 2076-05-06.874 79429.874 2.15 0.0 1.0 6.899 538000.0 5.35e-08 0.00176 -9.67 0.0
2014HY198 2080-05-06.385 80890.385 -1.409 0.0 0.31 55.572 1620000.0 8.92e-09 0.00157 -10.51 0.0
2014HY198 2082-05-06.849 81620.849 1.223 0.0 0.81 0.704 268000.0 2.37e-06 0.0017 -8.08 0.0
2014HY198 2082-05-07.026 81621.026 1.206 0.0 2.0 1.968 512000.0 6.17e-07 0.0017 -8.66 0.0
2014HY198 2083-05-06.901 81985.901 -1.015 0.0 0.37 215.659 3900000.0 1.53e-09 0.00159 -11.3 0.0
2014HY198 2084-05-05.477 82350.477 0.204 0.0 1.49 3.48 12000000.0 4.41e-08 0.00165 -9.83 0.0
2014HY198 2085-05-05.655 82715.655 -0.459 0.0 1.34 4.812 697000.0 5.5e-07 0.00161 -8.75 0.0
2014HY198 2085-05-05.662 82715.662 -0.39 0.0 2.05 0.439 1880000.0 2.16e-07 0.00162 -9.16 0.0
2014HY198 2085-05-05.712 82715.712 0.994 0.0 1.39 5.815 1460000000.0 1.44e-10 0.00169 -12.31 0.0
2014HY198 2087-05-06.316 83446.316 -1.638 0.0 1.34 10.436 848000.0 6.4e-08 0.00156 -9.71 0.0
2014HY198 2087-05-06.431 83446.431 -1.583 0.0 1.54 4.543 1810000.0 7.04e-08 0.00156 -9.67 0.0
2014HY198 2087-05-06.821 83446.821 -0.183 0.0 1.6 106.353 6960000.0 2.84e-09 0.00163 -11.05 0.0
2014HY198 2087-05-07.248 83447.248 -1.33 0.0 1.78 20.984 23600000.0 1.81e-09 0.00157 -11.25 0.0
2014HY198 2089-05-06.148 84177.148 -0.16 0.0 1.25 45.078 40600000.0 1.15e-09 0.00163 -11.45 0.0
2014HY198 2089-05-06.178 84177.178 -0.178 0.0 1.79 31.147 73800000.0 9.1e-10 0.00163 -11.55 0.0
2014HY198 2089-05-06.451 84177.451 1.223 0.0 0.36 28.631 503000000.0 6.81e-11 0.0017 -12.67 0.0
2014HY198 2089-05-06.694 84177.694 -0.203 0.0 1.94 14.252 186000000.0 7.78e-10 0.00163 -11.62 0.0
2014HY198 2090-05-06.357 84542.357 -0.173 0.0 0.5 59.28 27200000.0 1.31e-09 0.00163 -11.4 0.0
2014HY198 2090-05-06.395 84542.395 1.293 0.0 1.08 11.709 1170000.0 6.51e-08 0.00171 -9.69 0.0
2014HY198 2090-05-06.914 84542.914 1.207 0.0 1.68 1.183 14200000.0 2.61e-08 0.0017 -10.09 0.0
2014HY198 2091-05-06.301 84907.301 0.197 0.0 1.14 3.838 1650000000.0 3.02e-10 0.00165 -12.04 0.0
2014HY198 2091-05-07.061 84908.061 1.225 0.0 1.5 1.953 11600000.0 3.1e-08 0.0017 -10.02 0.0
2014HY198 2092-05-06.117 85273.117 -0.148 0.0 0.12 43.891 497000000.0 9.65e-11 0.00163 -12.55 0.0
2014HY198 2093-05-06.103 85638.103 -1.109 0.0 1.92 19.29 5120000.0 1.18e-08 0.00158 -10.48 0.0
2014HY198 2093-05-06.242 85638.242 -0.183 0.0 0.93 6.24 194000000.0 1.71e-09 0.00163 -11.31 0.0
2014HY198 2094-05-07.039 86004.039 -1.347 0.0 1.82 2.898 87400000.0 2.75e-09 0.00157 -11.12 0.0
2014HY198 2095-05-06.430 86368.43 0.23 0.0 1.81 4.56 21400000.0 1.92e-08 0.00165 -10.26 0.0
2014HY198 2095-05-06.609 86368.609 -0.185 0.0 1.41 30.837 2290000000.0 2.98e-11 0.00163 -13.08 0.0
2014HY198 2096-05-06.332 86734.332 3.324 0.0 0.89 4.171 218000.0 8.36e-09 0.00183 -10.59 0.0
2014HY198 2097-05-06.068 87099.068 1.631 0.0 1.45 3.224 11800000.0 1.25e-08 0.00172 -10.45 0.0
2014HY198 2097-05-06.259 87099.259 -1.205 0.0 2.01 14.132 9040000.0 8.14e-09 0.00158 -10.66 0.0
2014HY198 2098-05-06.033 87464.033 0.994 0.0 1.22 3.416 93400000.0 3.61e-09 0.00169 -11.0 0.0
2014HY198 2098-05-06.359 87464.359 -1.208 0.0 1.03 34.095 45100000.0 6.8e-10 0.00157 -11.75 0.0
2014HY198 2099-05-06.156 87829.156 1.278 0.0 1.51 5.933 7690000.0 1.92e-08 0.00171 -10.27 0.0
2014HY198 2100-05-06.804 88194.804 -1.009 0.0 0.18 91.858 105000000.0 1.34e-10 0.00159 -12.46 0.0
2014HY198 2101-05-07.187 88560.187 -0.154 0.0 1.9 21.979 72000000.0 1.33e-09 0.00163 -11.46 0.0
2014HY198 2102-05-06.626 88924.626 0.021 2.537 2.04 5.443 6210.0 1.19e-07 0.00158 -9.53 0.0
2014HY198 2102-05-06.662 88924.662 -0.39 0.0 1.36 5.323 40300000.0 9e-09 0.00162 -10.64 0.0
2014HY198 2102-05-07.094 88925.094 -0.33 0.0 0.98 5.022 8050000.0 4.79e-08 0.00162 -9.91 0.0
2014HY198 2102-05-07.563 88925.563 -0.249 0.0 1.79 17.425 171000.0 6.9e-07 0.00162 -8.75 0.0
2014HY198 2102-05-07.625 88925.625 -0.97 0.0 1.54 16.193 1100000.0 7.53e-08 0.00159 -9.72 0.0
2014HY198 2103-05-07.230 89290.23 0.196 0.0 0.4 12.804 6590000000.0 2.45e-11 0.00165 -13.2 0.0
2014HY198 2103-05-08.314 89291.314 1.692 0.0 1.1 11.504 12000000.0 3.54e-09 0.00173 -11.03 0.0
2014HY198 2104-05-06.584 89655.584 -0.975 0.0 0.59 2.861 144000000.0 3e-09 0.00159 -11.13 0.0
2014HY198 2104-05-06.660 89655.66 -0.217 0.0 1.84 0.045 16000000.0 4.76e-08 0.00163 -9.92 0.0
2014HY198 2104-05-06.839 89655.839 -0.215 0.0 1.94 16.713 9290000.0 1.34e-08 0.00163 -10.47 0.0
2014HY198 2104-05-06.992 89655.992 -0.092 0.0 1.53 11.274 14600000.0 1.28e-08 0.00163 -10.49 0.0
2014HY198 2104-05-07.330 89656.33 3.468 0.0 1.7 34.42 59200.0 2.39e-09 0.00183 -11.18 0.0
2014HY198 2104-05-07.414 89656.414 3.46 0.025 2.0 14.312 44700.0 2.29e-07 0.00177 -9.21 0.0
2014HY198 2105-05-06.976 90020.976 0.27 0.0 2.0 9.31 179000000.0 1.2e-09 0.00165 -11.52 0.0
2014HY198 2105-05-07.053 90021.053 -0.103 0.0 1.94 9.072 27800000.0 8.15e-09 0.00163 -10.69 0.0
2014HY198 2105-05-07.380 90021.38 0.174 0.0 1.55 11.932 41300000.0 4.2e-09 0.00165 -10.98 0.0
2014HY198 2105-05-07.650 90021.65 1.655 0.0 1.81 2.929 843000.0 1.7e-07 0.00173 -9.36 0.0
2014HY198 2105-05-07.652 90021.652 1.638 0.0 1.09 11.736 757000.0 6.03e-08 0.00172 -9.81 0.0
2014HY198 2105-05-07.795 90021.795 -0.031 0.0 1.31 28.693 26200000.0 2.82e-09 0.00163 -11.16 0.0
2014HY198 2106-05-06.739 90385.739 1.025 0.0 1.46 12.932 39400000.0 2.41e-09 0.00169 -11.22 0.0
2014HY198 2107-05-07.185 90751.185 1.29 0.0 1.67 7.709 107000000.0 1.08e-09 0.0017 -11.57 0.0
2014HY198 2107-05-07.301 90751.301 1.252 0.041 0.69 44.913 932000.0 3.16e-08 0.00165 -10.11 0.0
2014HY198 2107-05-07.416 90751.416 1.527 0.0 0.66 72.304 622000.0 1.43e-08 0.00172 -10.44 0.0
2014HY198 2107-05-07.588 90751.588 -0.185 0.0 2.07 8.347 236000000.0 1.02e-09 0.00164 -11.61 0.0
2014HY198 2108-05-06.299 91116.299 0.211 0.0 0.23 38.145 189000000.0 2.86e-10 0.00165 -12.16 0.0
2014HY198 2108-05-06.767 91116.767 -1.009 0.0 0.54 53.016 283000000.0 8.63e-11 0.00159 -12.69 0.0
2014HY198 2108-05-06.907 91116.907 -1.294 0.0 0.42 4.376 129000000.0 1.61e-09 0.00158 -11.43 0.0
2014HY198 2108-05-07.059 91117.059 1.749 0.0 0.92 39.199 3400000.0 3.33e-09 0.00174 -11.08 0.0
2014HY198 2108-05-07.467 91117.467 -1.324 0.0 0.71 5.422 60200000.0 2.69e-09 0.00158 -11.2 0.0
2014HY198 2109-05-06.943 91481.943 -0.006 0.0 1.55 14.916 47700000.0 2.98e-09 0.00164 -11.15 0.0
2014HY198 2109-05-06.970 91481.97 -0.175 0.0 2.06 51.323 10900000.0 3.76e-09 0.00163 -11.05 0.0
2014HY198 2109-05-07.087 91482.087 -0.186 0.0 1.79 18.56 147000000.0 7.63e-10 0.00163 -11.74 0.0
2014HY198 2110-05-07.264 91847.264 -0.23 0.0 1.65 4.52 51600000.0 8.15e-09 0.00163 -10.72 0.0
2014HY198 2110-05-07.785 91847.785 0.319 0.0 1.27 5.845 347000.0 9.54e-07 0.00166 -8.65 0.0
2014HY198 2112-05-07.040 92578.04 -0.251 0.0 0.13 281.571 528000000.0 1.4e-11 0.00162 -13.5 0.0
2014HY198 2113-05-06.426 92942.426 -1.761 0.0 1.24 1.395 12700000.0 1.85e-08 0.00155 -10.4 0.0
2014HY198 2113-05-07.147 92943.147 -0.043 0.0 1.29 3.042 14200000.0 4.38e-08 0.00164 -10.0 0.0
2014HY198 2113-05-07.192 92943.192 1.649 0.0 1.84 10.195 3720000.0 1.37e-08 0.00173 -10.49 0.0
2014HY198 2113-05-07.196 92943.196 1.643 0.0 1.91 13.677 3950000.0 9.76e-09 0.00173 -10.64 0.0
2014HY198 2114-05-06.794 93307.794 1.008 0.0 0.15 23.867 29800000.0 1.76e-09 0.00169 -11.39 0.0
2014HY198 2114-05-06.824 93307.824 1.015 0.0 0.49 5.903 91400000.0 2.27e-09 0.00169 -11.28 0.0
2014HY198 2114-05-07.331 93308.331 -1.195 0.0 0.7 38.308 9470000.0 2.93e-09 0.00158 -11.2 0.0
2014HY198 2114-05-07.513 93308.513 -1.212 0.0 1.49 16.783 32500000.0 1.9e-09 0.00158 -11.38 0.0
2014HY198 2114-05-07.666 93308.666 -1.21 0.0 0.4 348.815 15900000.0 1.88e-10 0.00157 -12.39 0.0
2014HY198 2115-05-07.631 93673.631 0.999 0.0 1.98 29.697 16900000.0 2.52e-09 0.00169 -11.24 0.0
2014HY198 2116-05-06.131 94038.131 1.529 0.0 0.8 36.956 65900000.0 2.62e-10 0.00173 -12.22 0.0
2014HY198 2116-05-06.510 94038.51 -1.28 0.0 0.29 0.0 20800000000.0 3.48e-11 0.00157 -13.13 0.0
2014HY198 2116-05-07.276 94039.276 -0.206 0.0 1.42 11.75 28200000.0 6.23e-09 0.00164 -10.87 0.0
2014HY198 2117-05-06.927 94403.927 -0.005 0.0 1.96 1.825 213000000.0 3.35e-09 0.00164 -11.14 0.0
2014HY198 2117-05-07.251 94404.251 -1.542 0.0 1.94 5.197 120000000.0 9.8e-10 0.00156 -11.69 0.0
2014HY198 2117-05-07.814 94404.814 -1.407 0.0 0.85 4.69 1350000.0 1.25e-07 0.00157 -9.58 0.0
2014HY198 2119-05-06.925 95133.925 -0.362 0.0 1.04 4.619 30200000.0 1.36e-08 0.00163 -10.54 0.0
2014HY198 2119-05-07.206 95134.206 -0.573 0.0 1.86 4.991 1980000.0 1.7e-07 0.00161 -9.45 0.0
2014HY198 2119-05-07.543 95134.543 -0.155 0.0 0.65 53.808 68300000.0 5.71e-10 0.00163 -11.92 0.0
2014HY198 2119-05-07.569 95134.569 0.314 0.0 0.28 13.778 4980000.0 2.93e-08 0.00165 -10.2 0.0
2014HY198 2119-05-07.637 95134.637 -0.158 0.0 1.98 52.52 2830000.0 1.41e-08 0.00163 -10.52 0.0
2014HY198 2119-05-07.738 95134.738 1.14 0.0 1.06 2.408 40000000.0 9.68e-09 0.0017 -10.67 0.0
2014HY198 2119-05-08.351 95135.351 -1.399 0.0 1.38 10.056 150000000.0 5.37e-10 0.00157 -11.96 0.0
2014HY198 2119-05-08.496 95135.496 -1.383 0.0 2.0 7.394 6860000.0 1.58e-08 0.00156 -10.49 0.0
2014HY198 2120-05-06.417 95499.417 -0.386 0.0 1.9 26.979 266000.0 2.76e-07 0.00162 -9.24 0.0
2014HY198 2121-05-07.113 95865.113 1.643 0.0 0.6 52.398 12800000.0 7.97e-10 0.00173 -11.76 0.0
2014HY198 2121-05-07.125 95865.125 1.649 0.0 1.69 7.777 9880000.0 6.8e-09 0.00172 -10.83 0.0
2014HY198 2121-05-07.556 95865.556 1.61 0.0 1.02 7.393 91800000.0 8.13e-10 0.00172 -11.75 0.0
2014HY198 2122-05-06.709 96229.709 -1.654 0.0 1.92 14.232 1560000.0 2.49e-08 0.00155 -10.31 0.0
2014HY198 2122-05-06.847 96229.847 -0.368 0.0 1.81 2.45 24600000.0 2.42e-08 0.00162 -10.31 0.0
2014HY198 2122-05-07.352 96230.352 -0.164 0.0 1.82 8.565 40800000.0 5.94e-09 0.00163 -10.91 0.0
2014HY198 2122-05-07.366 96230.366 -0.175 0.0 1.99 38.316 45500000.0 1.21e-09 0.00162 -11.61 0.0
2014HY198 2122-05-07.488 96230.488 -0.044 0.0 2.05 6.466 1970000.0 1.57e-07 0.00164 -9.49 0.0
2014HY198 2122-05-07.742 96230.742 0.276 0.0 1.67 11.822 14100000.0 1.21e-08 0.00165 -10.6 0.0
2008EF85 2110-03-15.803 91794.803 -0.952 0.241 1.55 0.611 3300000.0 5.44e-08 0.124 -8.39 0.0
