data/esa_allip.ecsv
# %ECSV 1.0
# ---
# datatype:
# - {name: object_name, datatype: string}
# - {name: date, datatype: string}
# - {name: mjd, datatype: float64}
# - {name: sigma, datatype: float64}
# - {name: sigimp, datatype: float64}
# - {name: dist, datatype: float64}
# - {name: width, datatype: float64}
# - {name: stretch, datatype: float64}
# - {name: p_re, datatype: float64}
# - {name: exp_energy, datatype: float64}
# - {name: ps, datatype: float64}
# - {name: ts, datatype: float64}
# schema: astropy-2.0
object_name date mjd sigma sigimp dist width stretch p_re exp_energy ps ts
[from data line 20315]
2024AM4 2114-01-24.116 93205.116 -2.808 0.0 1.41 0.0 11100000.0 8.5e-09 0.006 -10.27 0.0
2024AM4 2114-02-08.474 93220.474 -1.447 0.0 4.63 0.0 8480000.0 1.52e-07 0.006 -9.02 0.0
2024AM4 2114-02-11.830 93223.83 -1.506 0.0 4.02 0.0 30000000.0 4.5e-08 0.006 -9.55 0.0
2024AM4 2114-02-12.759 93224.759 1.263 0.0 5.62 0.063 22800000.0 4.39e-08 0.00601 -9.56 0.0
2024AM4 2114-02-22.525 93234.525 -1.743 0.0 3.11 0.0 4180000.0 2.24e-07 0.00598 -8.85 0.0
2024AM4 2114-12-03.135 93518.135 2.847 0.0 1.89 0.0 25400000.0 3.13e-09 0.00601 -10.71 0.0
2024AM4 2115-01-23.228 93569.228 0.661 0.0 4.49 1.24 221000000.0 1.43e-08 0.00603 -10.05 0.0
2024AM4 2115-02-01.350 93578.35 0.795 0.0 5.96 0.0 26700000.0 4.95e-08 0.006 -9.51 0.0
2024AM4 2115-02-22.098 93599.098 -2.687 0.0 6.05 0.027 16000000.0 1.65e-09 0.00601 -10.99 0.0
2024AM4 2115-03-04.327 93609.327 1.267 0.0 2.28 0.0 228000000.0 9.14e-09 0.00601 -10.25 0.0
2024AM4 2116-01-27.315 93938.315 0.984 0.0 1.08 0.0 58300000.0 5.02e-08 0.00602 -9.51 0.0
2024AM4 2116-01-28.973 93939.973 1.017 0.0 2.59 0.077 13800000.0 2.01e-07 0.00602 -8.9 0.0
2024AM4 2116-02-28.860 93970.86 1.138 0.0 4.15 0.027 4240000.0 4.41e-07 0.00601 -8.57 0.0
2024AM4 2116-12-05.278 94251.278 0.446 0.0 5.68 0.011 9150000.0 1.98e-07 0.00601 -8.92 0.0
2024AM4 2117-01-16.077 94293.077 0.414 0.0 5.41 0.0 41700000.0 6.88e-08 0.006 -9.38 0.0
2024AM4 2117-01-16.785 94293.785 -3.537 0.0 5.02 0.0 47100000.0 1.35e-10 0.00599 -12.08 0.0
2024AM4 2117-01-24.515 94301.515 -0.816 0.0 2.04 0.039 3810000.0 8.62e-07 0.00601 -8.28 0.0
2024AM4 2117-02-06.132 94314.132 0.447 0.0 2.18 0.0 359000000.0 1.22e-08 0.00602 -10.13 0.0
2024AM4 2117-02-13.033 94321.033 -1.449 0.0 4.59 0.0 39500000.0 3.17e-08 0.00599 -9.72 0.0
2024AM4 2117-03-17.377 94353.377 1.077 0.0 3.1 0.045 38800000.0 6.33e-08 0.006 -9.42 0.0
2024AM4 2117-12-03.920 94614.92 1.291 0.0 2.6 0.008 32000000.0 6.04e-08 0.00601 -9.44 0.0
2024AM4 2118-01-19.839 94661.839 3.847 0.0 4.26 0.089 35400000.0 6.16e-11 0.00601 -12.43 0.0
2024AM4 2118-01-24.626 94666.626 1.023 0.0 1.59 0.0 14900000.0 1.83e-07 0.00601 -8.95 0.0
2024AM4 2118-01-29.754 94671.754 -1.463 0.0 4.49 0.006 586000.0 2.11e-06 0.00602 -7.89 0.0
2024AM4 2118-02-06.529 94679.529 -1.05 0.0 5.91 0.127 17900000.0 1.25e-07 0.00602 -9.12 0.0
2024AM4 2118-02-14.808 94687.808 -2.066 0.0 5.97 0.0 28700000.0 4.3e-09 0.006 -10.59 0.0
2024AM4 2119-01-29.202 95036.202 0.475 0.0 2.49 0.0 6080000.0 6.79e-07 0.00599 -8.39 0.0
2024AM4 2119-02-07.653 95045.653 0.801 0.0 4.4 0.253 45500000.0 6.1e-08 0.00598 -9.44 0.0
2024AM4 2119-02-24.555 95062.555 -1.787 0.0 4.52 0.004 22200000.0 3.17e-08 0.00599 -9.73 0.0
2024AM4 2120-01-10.953 95382.953 -1.447 0.0 6.17 0.089 25800000.0 2.37e-08 0.00599 -9.86 0.0
2024AM4 2120-01-16.938 95388.938 2.112 0.0 4.52 0.0 17900000.0 2.4e-08 0.006 -9.86 0.0
2024AM4 2120-01-17.009 95389.009 0.334 0.0 2.88 0.0 92000000.0 4.52e-08 0.00602 -9.58 0.0
2024AM4 2120-01-17.546 95389.546 -0.975 0.0 5.71 0.0 98600000.0 1.06e-08 0.006 -10.21 0.0
2024AM4 2120-01-26.697 95398.697 -1.427 0.0 5.51 0.004 197000.0 7.27e-06 0.00598 -7.38 0.0
2024AM4 2120-01-30.347 95402.347 0.534 0.0 5.77 0.0 6520000.0 3.65e-07 0.006 -8.67 0.0
2024AM4 2120-12-04.878 95711.878 -2.616 0.0 5.07 0.013 734000.0 1.32e-07 0.00602 -9.12 0.0
2024AM4 2120-12-08.163 95715.163 -0.569 0.0 4.15 0.014 2740000.0 1.14e-06 0.00599 -8.18 0.0
2024AM4 2121-01-18.218 95756.218 0.715 0.0 4.42 0.0 25300000.0 1.05e-07 0.00601 -9.22 0.0
2024AM4 2121-01-19.557 95757.557 -1.395 0.0 4.78 0.01 6230000.0 2.03e-07 0.00601 -8.93 0.0
2024AM4 2121-01-20.926 95758.926 -1.433 0.0 3.58 0.0 35200000.0 4.44e-08 0.00599 -9.59 0.0
2024AM4 2121-01-23.074 95761.074 0.481 0.0 4.54 0.003 1130000.0 2.92e-06 0.00599 -7.78 0.0
2024AM4 2121-01-23.471 95761.471 0.478 0.0 2.36 0.0 11300000.0 3.65e-07 0.006 -8.68 0.0
2024AM4 2121-01-23.892 95761.892 0.66 0.0 4.84 0.063 7180000.0 4.36e-07 0.00599 -8.6 0.0
2024AM4 2121-01-23.978 95761.978 0.483 0.0 4.61 0.0 5250000.0 6.04e-07 0.00599 -8.46 0.0
2024AM4 2121-01-24.477 95762.477 0.66 0.0 2.74 0.0 60600000.0 6.12e-08 0.006 -9.45 0.0
2024AM4 2121-01-26.533 95764.533 0.477 0.0 0.73 0.0 463000000.0 9.45e-09 0.006 -10.27 0.0
2024AM4 2121-11-25.364 96067.364 -1.826 0.0 0.75 0.716 482000000.0 1.85e-09 0.006 -10.98 0.0
2024AM4 2121-12-14.268 96086.268 0.647 0.0 5.74 0.0 865000000.0 4.48e-09 0.00603 -10.59 0.0
2024AM4 2122-01-26.612 96129.612 1.017 0.0 3.12 0.127 36000000.0 7.62e-08 0.00601 -9.36 0.0
2024AM4 2122-01-30.774 96133.774 0.942 0.0 5.83 0.0 7220000.0 1.44e-07 0.00599 -9.09 0.0
2024AM4 2122-02-05.506 96139.506 1.028 0.0 5.81 0.0 223000000.0 4.59e-09 0.00601 -10.59 0.0
2024AM4 2122-02-10.886 96144.886 1.036 0.0 5.23 0.358 82300000.0 2.37e-08 0.00599 -9.88 0.0
2024AM4 2123-01-08.938 96476.938 -0.817 0.0 4.97 0.063 61500000.0 5.23e-08 0.006 -9.53 0.0
2024AM4 2123-01-23.075 96491.075 0.695 0.0 2.69 0.0 105000000.0 3.35e-08 0.006 -9.73 0.0
2024AM4 2123-01-26.845 96494.845 0.943 0.0 5.68 0.219 31100000.0 6.71e-08 0.00602 -9.42 0.0
2019GK21 2118-04-10.130 94742.13 1.785 0.0 0.64 0.027 271000.0 9.41e-07 0.578 -6.66 0.0
2025VW3 2062-11-17.225 74510.225 -2.094 0.0 0.03 0.089 10100000.0 1.12e-08 0.0478 -9.05 0.0
2025VW3 2067-11-17.333 76336.333 3.445 0.0 0.68 0.0 2080.0 1.1e-06 0.0483 -7.11 0.0
2025VW3 2080-11-16.535 81084.535 3.447 0.0 0.79 0.0 113000000.0 1.85e-11 0.0483 -12.0 0.0
2025VW3 2083-11-17.492 82180.492 1.843 0.0 1.06 0.006 27800.0 4.22e-06 0.0479 -6.67 0.0
2025VW3 2083-11-17.493 82180.493 1.853 0.0 1.11 0.005 27300.0 3.3e-06 0.0479 -6.78 0.0
2025VW3 2101-11-18.239 88755.239 -1.156 0.0 0.26 0.005 6590000.0 7.79e-08 0.0479 -8.52 0.0
2025VW3 2101-11-18.288 88755.288 -1.155 0.0 1.24 0.007 2620000.0 4.83e-08 0.0479 -8.73 0.0
2025VW3 2109-11-17.569 91676.569 -1.352 0.0 1.08 0.005 2910000.0 7.56e-08 0.048 -8.58 0.0
2025VW3 2112-11-17.332 92772.332 -1.334 0.0 1.11 0.01 328000.0 1.03e-06 0.0477 -7.46 0.0
2025VW3 2115-11-18.458 93868.458 -0.724 0.0 0.43 0.004 2740000.0 2.69e-07 0.0478 -8.06 0.0
2025VW3 2115-11-18.464 93868.464 -0.724 0.0 0.58 0.005 2520000.0 2.78e-07 0.0478 -8.04 0.0
2025VW3 2119-11-18.836 95329.836 2.314 0.0 1.23 0.0 299000000.0 6.06e-11 0.0483 -11.72 0.0
2025VW3 2120-11-17.766 95694.766 -0.922 0.0 0.86 0.006 203000000.0 2.73e-09 0.048 -10.07 0.0
2025VW3 2122-11-17.837 96424.837 -1.209 0.0 0.17 0.01 8670000.0 5.61e-08 0.048 -8.77 0.0
2017QT1 2050-01-30.713 69836.713 0.748 0.0 0.82 0.003 1230000.0 4.73e-07 0.268 -6.67 0.0
2017QT1 2058-01-30.426 72758.426 -0.379 0.0 0.17 0.0 20000000.0 4.23e-08 0.262 -7.84 0.0
2017QT1 2058-01-30.520 72758.52 -0.005 0.0 0.1 0.016 5620000.0 1.62e-07 0.264 -7.26 0.0
2017QT1 2058-01-30.681 72758.681 0.627 0.0 0.39 0.007 140000000.0 5.05e-09 0.267 -8.76 0.0
2017QT1 2066-01-30.778 75680.778 -0.186 0.0 0.84 0.004 25200000.0 2.4e-08 0.264 -8.17 0.0
2017QT1 2069-01-28.894 76774.894 0.634 0.0 0.62 0.011 44100000.0 1.44e-08 0.26 -8.44 0.0
2017QT1 2070-01-30.282 77141.282 -2.637 0.0 1.1 0.01 73900000.0 1.07e-10 0.247 -10.59 0.0
2017QT1 2070-01-30.734 77141.734 0.747 0.0 0.24 0.003 162000000.0 4.17e-09 0.269 -8.98 0.0
2017QT1 2117-01-29.955 94306.955 -0.149 0.0 1.03 0.005 21500000.0 1.99e-08 0.255 -8.61 0.0
2004BN41 2098-02-05.273 87374.273 -0.713 0.0 1.27 0.009 1140000.0 9.59e-07 0.406 -6.67 0.0
2004BN41 2116-02-12.026 93954.026 -0.274 0.0 1.08 0.011 1420000.0 8.53e-07 0.428 -6.79 0.0
2004BN41 2119-02-11.773 95049.773 -0.687 0.0 0.07 0.01 2230000.0 4.84e-07 0.421 -7.06 0.0
2004BN41 2119-02-11.819 95049.819 -0.158 0.0 1.65 0.009 1520000.0 2.44e-07 0.43 -7.35 0.0
2004BN41 2122-02-13.347 96147.347 -0.132 0.0 0.17 0.008 12900000.0 1.04e-07 0.431 -7.73 0.0
2008LD 2054-05-31.215 71418.215 0.733 0.0 0.94 0.089 14100000.0 1.19e-07 0.00427 -8.76 0.0
2008LD 2055-05-31.731 71783.731 -4.242 0.0 1.04 0.005 123000.0 2.15e-09 0.00429 -10.52 0.0
2008LD 2074-05-30.989 78722.989 0.775 0.0 2.27 0.002 375000.0 4.54e-06 0.0043 -7.41 0.0
2008LD 2082-05-30.715 81644.715 1.541 0.0 2.55 0.01 204000.0 3.39e-06 0.00428 -7.6 0.0
2008LD 2084-05-30.244 82375.244 0.044 0.0 2.37 0.006 413000.0 5.4e-06 0.00428 -7.41 0.0
2008LD 2086-05-30.872 83105.872 0.017 0.0 1.25 0.0 4290000.0 4.84e-07 0.00428 -8.47 0.0
2008LD 2086-05-30.955 83105.955 -0.068 0.0 2.47 0.002 191000.0 6.53e-06 0.00429 -7.34 0.0
2008LD 2092-05-30.123 85297.123 0.864 0.0 1.13 0.0 11800000.0 1.24e-07 0.00427 -9.1 0.0
2008LD 2093-05-30.503 85662.503 0.97 0.0 1.37 0.253 51100000.0 2.48e-08 0.00427 -9.81 0.0
2008LD 2098-05-30.669 87488.669 1.44 0.0 2.69 0.011 221000.0 3.48e-06 0.00431 -7.69 0.0
2008LD 2099-05-30.785 87853.785 0.386 0.0 2.49 0.008 974000.0 1.84e-06 0.00429 -7.97 0.0
2008LD 2100-05-30.745 88218.745 1.29 0.0 2.79 0.004 566000.0 5.23e-07 0.00428 -8.52 0.0
2008LD 2100-05-31.253 88219.253 -0.257 0.0 1.91 0.004 319000.0 6.1e-06 0.0043 -7.46 0.0
2008LD 2100-05-31.284 88219.284 -0.25 0.0 2.08 0.0 914000.0 1.71e-06 0.00427 -8.01 0.0
2008LD 2102-05-31.452 88949.452 0.57 0.0 2.82 0.283 28700000.0 2.26e-08 0.00428 -9.9 0.0
2008LD 2109-05-31.289 91506.289 0.264 0.0 2.76 0.008 1800000.0 5.31e-07 0.00429 -8.57 0.0
2008LD 2111-05-31.904 92236.904 0.533 0.0 1.82 0.005 195000.0 9.64e-06 0.00428 -7.32 0.0
2008LD 2112-05-30.974 92601.974 -1.913 0.0 2.38 0.001 232000.0 9.07e-07 0.00429 -8.35 0.0
2008LD 2113-05-31.016 92967.016 1.345 0.0 2.13 0.002 55500.0 1.3e-05 0.0043 -7.2 0.0
2008LD 2113-05-31.022 92967.022 1.348 0.0 2.54 0.013 16700.0 4.38e-05 0.00429 -6.67 0.0
2008LD 2114-05-31.164 93332.164 1.317 0.0 1.02 0.0 14100000.0 6.39e-08 0.00429 -9.51 0.0
2008LD 2114-05-31.348 93332.348 0.564 0.0 2.76 0.0 250000000.0 2.99e-09 0.00428 -10.84 0.0
2008LD 2115-05-31.232 93697.232 0.776 0.0 2.87 0.0 4950000.0 1.73e-08 0.0043 -10.08 0.0
2008LD 2115-05-31.579 93697.579 0.61 0.0 2.29 0.0 4830000.0 3.36e-07 0.00429 -8.79 0.0
2008LD 2115-05-31.662 93697.662 0.61 0.0 1.41 0.089 12200000.0 1.38e-07 0.00427 -9.18 0.0
2008LD 2116-05-30.799 94062.799 2.014 0.0 2.15 0.001 4120000.0 4.97e-08 0.00429 -9.63 0.0
2008LD 2119-05-31.658 95158.658 -2.837 0.0 2.83 0.007 161000.0 2.41e-07 0.00427 -8.96 0.0
2008LD 2122-05-31.338 96254.338 2.021 0.0 2.21 0.001 222000.0 8.98e-07 0.00429 -8.4 0.0
2022KE5 2075-05-27.375 79084.375 1.198 0.0 0.86 0.001 89600.0 4.01e-06 0.0426 -6.67 0.0
2022KE5 2075-05-27.550 79084.55 3.245 0.0 1.07 0.002 62200.0 3.51e-08 0.043 -8.73 0.0
2022KE5 2083-05-27.000 82006.0 1.202 0.0 0.97 0.001 1240000.0 3.47e-07 0.0424 -7.8 0.0
2022KE5 2096-05-26.924 86754.924 -1.384 0.0 0.93 0.001 71300.0 3.73e-06 0.0424 -6.85 0.0
2022KE5 2107-05-28.000 90771.999 1.531 0.0 0.4 0.0 4870000.0 5.75e-08 0.0424 -8.72 0.0
2022KE5 2107-05-28.009 90772.009 1.515 0.0 1.03 0.0 391000.0 4.19e-07 0.0422 -7.86 0.0
2022KE5 2110-05-28.138 91868.138 4.228 0.0 1.15 0.001 70200.0 5.16e-10 0.0428 -10.78 0.0
2022KE5 2110-05-28.172 91868.172 4.259 0.0 1.16 0.001 493000.0 2.14e-10 0.0429 -11.17 0.0
2022KE5 2115-05-28.053 93694.053 1.516 0.0 0.73 0.0 1320000.0 2.29e-07 0.0423 -8.17 0.0
2022KE5 2115-05-28.280 93694.28 2.854 0.0 0.54 0.001 2260000.0 6.69e-09 0.0425 -9.7 0.0
2021UA7 2046-10-26.568 68644.568 -1.158 0.0 0.94 0.028 163000.0 2.52e-06 0.0276 -6.67 0.0
2019ED1 2070-03-01.823 77171.823 0.092 0.0 0.1 2.945 783000.0 5.03e-07 0.0386 -7.57 0.0
2019ED1 2073-03-01.451 78267.451 -0.062 0.0 1.11 0.029 211000.0 4.1e-06 0.0385 -6.68 0.0
2019ED1 2074-03-01.751 78632.751 -0.015 0.0 1.43 0.023 573000.0 1.08e-06 0.0388 -7.27 0.0
2019ED1 2076-03-01.280 79363.28 0.061 0.0 0.84 0.046 25800000.0 4.39e-08 0.0387 -8.68 0.0
2019ED1 2077-03-01.365 79728.365 0.018 0.0 0.26 0.02 2290000.0 5.32e-07 0.0387 -7.6 0.0
2019ED1 2078-03-01.756 80093.756 0.022 0.0 0.67 0.025 3510000.0 3.19e-07 0.0389 -7.83 0.0
2019ED1 2079-03-01.961 80458.961 0.025 0.0 1.38 0.023 4330000.0 1.44e-07 0.0386 -8.19 0.0
2019ED1 2079-03-02.125 80459.125 -4.58 0.0 0.36 0.048 6570.0 5.14e-09 0.0387 -9.63 0.0
2019ED1 2083-03-01.928 81919.928 -0.015 0.0 1.18 0.063 77100000.0 1.16e-08 0.0388 -9.31 0.0
2019ED1 2083-03-01.963 81919.963 0.27 0.0 1.45 0.018 7750000.0 9.87e-08 0.0387 -8.38 0.0
2019ED1 2093-03-01.356 85572.356 0.267 0.0 1.11 0.024 3300000.0 2.57e-07 0.0387 -8.03 0.0
2019ED1 2094-03-01.679 85937.679 0.273 0.0 0.35 0.032 1410000.0 8.32e-07 0.0387 -7.52 0.0
2019ED1 2095-03-01.913 86302.913 0.556 0.0 0.99 0.005 316000.0 3.12e-06 0.0388 -6.96 0.0
2019ED1 2102-03-02.535 88859.535 0.02 0.0 1.23 0.026 4310000.0 1.79e-07 0.0391 -8.23 0.0
2019ED1 2103-03-02.547 89224.547 0.116 0.0 1.41 0.036 1500000.0 3.45e-07 0.0388 -7.96 0.0
2019ED1 2103-03-02.784 89224.784 -0.483 0.0 0.41 0.016 245000.0 4.36e-06 0.0385 -6.86 0.0
2019ED1 2105-03-02.261 89955.261 0.148 0.0 1.38 0.016 10900000.0 5.94e-08 0.0387 -8.73 0.0
2022NK 2057-07-02.155 72546.155 -1.868 0.0 0.16 0.0 4490000.0 4.17e-08 0.0748 -8.26 0.0
2022NK 2100-07-02.955 88251.955 -1.083 0.0 0.91 0.0 1020000.0 5.58e-07 0.0749 -7.5 0.0
2022NK 2105-01-01.814 89895.814 -0.331 0.0 0.54 0.061 246000.0 3.88e-06 0.0773 -6.68 0.0
2020FK6 2054-03-12.940 71338.94 0.421 0.0 1.0 0.082 4470000.0 1.35e-07 0.0285 -8.05 0.0
2020FK6 2057-03-12.271 72434.271 0.408 0.0 1.06 0.088 5830000.0 9.05e-08 0.0285 -8.26 0.0
2020FK6 2057-03-12.425 72434.425 -0.195 3.275 1.3 0.087 212000.0 3.43e-10 0.028 -10.69 0.0
2020FK6 2057-03-12.647 72434.647 -0.448 0.0 0.7 0.033 2930000.0 2.82e-07 0.0263 -7.79 0.0
2020FK6 2060-03-12.332 73530.332 -1.446 0.0 0.72 0.135 2010000.0 1.77e-07 0.0242 -8.07 0.0
2020FK6 2061-03-12.789 73895.789 1.717 0.0 1.24 0.098 225000.0 2.09e-07 0.0322 -7.91 0.0
2020FK6 2062-03-12.760 74260.76 -0.449 0.0 1.07 0.057 8350000.0 1.1e-07 0.0264 -8.27 0.0
2020FK6 2062-03-12.824 74260.824 -0.019 0.0 0.66 0.088 65600000.0 1.35e-08 0.0275 -9.17 0.0
2020FK6 2062-03-13.334 74261.334 4.224 0.0 1.05 0.012 1180000.0 1.02e-10 0.0424 -11.14 0.0
2020FK6 2064-03-12.428 74991.428 0.706 0.0 0.89 0.096 469000.0 1.21e-06 0.0293 -7.21 0.0
2020FK6 2064-03-12.439 74991.439 0.425 0.0 0.4 0.046 3340000.0 2.68e-07 0.0285 -7.88 0.0
2020FK6 2064-03-12.461 74991.461 0.731 0.0 0.85 0.057 7480000.0 9.82e-08 0.0294 -8.3 0.0
2020FK6 2064-03-12.469 74991.469 0.423 0.0 0.73 0.077 73200000.0 1.08e-08 0.0286 -9.27 0.0
2020FK6 2066-03-12.862 75721.862 -1.568 0.0 0.86 0.045 4620000.0 5.95e-08 0.024 -8.62 0.0
2020FK6 2066-03-12.908 75721.908 0.097 0.0 1.0 0.089 6760000.0 9.55e-08 0.0277 -8.37 0.0
2020FK6 2066-03-13.188 75722.188 2.864 0.0 0.83 0.026 401000.0 3.81e-08 0.0365 -8.67 0.0
2020FK6 2067-03-13.055 76087.055 -0.084 0.0 0.14 1.837 4980000.0 8.59e-08 0.0272 -8.43 0.0
2020FK6 2067-03-13.305 76087.305 1.564 0.0 0.96 0.068 24100000.0 8.58e-09 0.0318 -9.37 0.0
2020FK6 2067-03-13.406 76087.406 2.547 2.833 1.26 0.086 352000.0 4.06e-11 0.0365 -11.65 0.0
2020FK6 2067-03-13.487 76087.487 3.737 0.0 0.03 1.209 2850000.0 1.84e-10 0.0399 -10.96 0.0
2020FK6 2068-03-12.584 76452.584 2.336 0.0 1.06 0.077 4350000.0 8.84e-09 0.0345 -9.34 0.0
2020FK6 2068-03-12.594 76452.594 2.25 0.0 0.36 0.255 505000.0 1.53e-07 0.0341 -8.11 0.0
2020FK6 2069-03-12.381 76817.381 -2.006 0.0 0.43 0.075 8880000.0 1.51e-08 0.0231 -9.26 0.0
2020FK6 2069-03-12.700 76817.7 0.668 0.0 1.06 0.052 228000.0 3.57e-06 0.0291 -6.8 0.0
2020FK6 2069-03-12.805 76817.805 1.963 0.185 1.27 0.088 103000.0 1.75e-07 0.0344 -8.06 0.0
2020FK6 2071-03-13.096 77548.096 -1.374 0.0 1.3 0.097 8640000.0 9.02e-09 0.0243 -9.48 0.0
2020FK6 2071-03-13.129 77548.129 -0.87 0.0 1.0 0.04 10500000.0 5.22e-08 0.0255 -8.71 0.0
2020FK6 2071-03-13.209 77548.209 0.115 0.0 1.28 0.035 1640000.0 6.24e-07 0.0279 -7.6 0.0
2020FK6 2071-03-13.379 77548.379 2.547 0.0 1.23 0.032 87800000.0 3.53e-10 0.0351 -10.76 0.0
2020FK6 2071-03-13.568 77548.568 4.868 0.0 0.96 0.01 57300.0 1.08e-10 0.0456 -11.19 0.0
2020FK6 2072-03-12.346 77913.346 -1.518 0.0 0.62 0.091 333000.0 8.81e-07 0.0241 -7.51 0.0
2020FK6 2072-03-12.353 77913.353 -1.266 0.0 0.85 0.051 19100000.0 2.26e-08 0.0246 -9.09 0.0
2020FK6 2072-03-12.370 77913.37 -0.02 0.0 1.28 0.055 11000000.0 4.86e-08 0.0274 -8.72 0.0
2020FK6 2072-03-12.397 77913.397 -1.475 0.0 0.85 0.034 136000.0 2.36e-06 0.0241 -7.08 0.0
