data/esa_allip.ecsv
# %ECSV 1.0
# ---
# datatype:
# - {name: object_name, datatype: string}
# - {name: date, datatype: string}
# - {name: mjd, datatype: float64}
# - {name: sigma, datatype: float64}
# - {name: sigimp, datatype: float64}
# - {name: dist, datatype: float64}
# - {name: width, datatype: float64}
# - {name: stretch, datatype: float64}
# - {name: p_re, datatype: float64}
# - {name: exp_energy, datatype: float64}
# - {name: ps, datatype: float64}
# - {name: ts, datatype: float64}
# schema: astropy-2.0
object_name date mjd sigma sigimp dist width stretch p_re exp_energy ps ts
[from data line 31766]
2021XV4 2103-05-31.946 89314.946 2.397 0.0 0.64 0.026 7220000.0 5.95e-09 0.0229 -9.9 0.0
2009VT1 2064-10-10.011 75203.011 0.956 0.0 0.52 0.037 12100000.0 7.49e-08 0.00206 -9.35 0.0
2009VT1 2081-10-11.033 81413.033 -0.273 0.0 0.93 0.038 4740000.0 2.9e-07 0.00204 -8.93 0.0
2009VT1 2081-10-11.039 81413.039 -1.631 0.0 0.54 0.047 1630000.0 2.34e-07 0.00203 -9.02 0.0
2009VT1 2091-10-18.387 85072.387 0.456 0.0 0.42 0.253 29600000.0 4.48e-08 0.00204 -9.8 0.0
2009VT1 2094-10-13.809 86163.809 1.075 0.0 0.92 0.0 68000000.0 1.18e-08 0.00206 -10.4 0.0
2009VT1 2102-10-12.881 89083.881 0.957 0.0 0.88 0.036 29700000.0 2.9e-08 0.00204 -10.05 0.0
2009VT1 2103-10-17.718 89453.718 1.054 0.0 0.56 0.043 29000000.0 2.85e-08 0.00204 -10.07 0.0
2009VT1 2105-10-12.831 90179.831 0.956 0.221 1.89 0.036 8290000.0 7.19e-09 0.00204 -10.68 0.0
2009VT1 2107-10-19.115 90916.115 -2.947 0.0 1.48 0.022 29700000.0 4.1e-10 0.00201 -11.94 0.0
2009VT1 2109-10-12.630 91640.63 3.469 0.0 1.84 0.038 338000.0 2.06e-09 0.00208 -11.23 0.0
2009VT1 2117-10-13.610 94563.61 -1.329 0.0 1.73 0.022 64000000.0 4.03e-09 0.00203 -10.99 0.0
2009VT1 2118-10-17.709 94932.709 1.042 0.0 0.57 0.0 59400000.0 1.45e-08 0.00207 -10.43 0.0
2009VT1 2119-10-22.546 95302.546 -1.343 0.0 0.55 0.039 2030000.0 3.03e-07 0.00201 -9.12 0.0
2019UN8 2097-05-28.113 87121.113 -0.057 0.0 0.72 0.022 34000000.0 2.23e-08 0.00453 -9.86 0.0
2019UN8 2097-05-28.339 87121.339 -0.064 0.0 0.95 0.022 16600000.0 5.52e-08 0.00451 -9.47 0.0
2019UN8 2101-05-29.168 88582.168 -1.044 0.0 0.02 0.175 3230000.0 1.63e-07 0.00443 -9.03 0.0
2019UN8 2101-05-29.219 88582.219 -1.039 0.0 0.35 0.023 6290000.0 8.13e-08 0.00443 -9.33 0.0
2019UN8 2101-05-31.012 88584.012 0.149 0.0 0.79 0.022 32000000.0 2.24e-08 0.00435 -9.89 0.0
2019UN8 2105-05-30.083 90044.083 -0.575 0.0 0.75 0.024 2810000.0 2.13e-07 0.00439 -8.93 0.0
2019UN8 2114-05-28.946 93329.946 -0.921 0.0 0.81 0.014 28800000.0 1.51e-08 0.00445 -10.12 0.0
2019UN8 2117-05-29.573 94426.573 -1.139 0.0 0.86 0.028 13200000.0 2.43e-08 0.00444 -9.93 0.0
2019UN8 2122-05-29.596 96252.596 -0.545 0.0 0.6 0.023 7040000.0 9.65e-08 0.00449 -9.35 0.0
2019UN8 2122-05-29.667 96252.667 -0.528 0.0 1.11 0.022 22600000.0 9.7e-09 0.00447 -10.35 0.0
2007WW3 2031-11-14.687 63184.687 0.299 0.024 1.47 1101.476 2450000.0 8e-11 4.17 -8.93 0.0
2023HO36 2082-10-22.999 81789.999 0.171 0.0 1.22 0.0 5820000.0 2.19e-07 0.000927 -9.32 0.0
2023HO36 2088-04-18.748 83794.748 0.392 0.0 1.28 0.017 3410000.0 3.08e-07 0.000929 -9.21 0.0
2023HO36 2088-04-18.849 83794.849 0.39 0.0 1.24 0.017 5560000.0 1.56e-07 0.000929 -9.51 0.0
2023HO36 2095-04-20.115 86352.115 2.633 0.0 1.39 0.017 214000.0 1.13e-07 0.000938 -9.69 0.0
2023HO36 2099-04-19.916 87812.916 0.183 0.0 0.68 0.032 11800000.0 1.05e-07 0.000932 -9.75 0.0
2023HO36 2101-04-20.431 88543.431 -1.467 0.0 1.57 0.011 3010000.0 4.94e-08 0.000927 -10.1 0.0
2023HO36 2104-04-20.307 89639.307 2.953 0.0 1.36 0.018 227000.0 6.5e-08 0.000938 -9.99 0.0
2023HO36 2110-10-24.111 92017.111 -0.869 0.0 0.66 0.034 1420000.0 5.87e-07 0.000928 -9.07 0.0
2023HO36 2114-10-23.835 93477.835 0.199 0.0 0.46 0.026 53400000.0 2.34e-08 0.000927 -10.49 0.0
2023HO36 2120-10-23.498 95669.498 -0.859 0.0 1.37 0.034 2340000.0 2.24e-07 0.000924 -9.54 0.0
2023HO36 2120-10-23.525 95669.525 -0.868 0.0 0.53 0.031 9600000.0 8.98e-08 0.000928 -9.94 0.0
2023HO36 2120-10-23.532 95669.532 -0.768 0.0 1.47 0.022 980000.0 8.43e-07 0.000928 -8.96 0.0
2023HO36 2120-10-23.640 95669.64 -0.774 0.0 1.35 0.029 2620000.0 2.18e-07 0.000927 -9.55 0.0
2023HO36 2121-04-20.089 95848.089 -1.805 0.0 1.28 0.019 92700000.0 1.81e-09 0.000923 -11.63 0.0
2023HO36 2121-04-20.470 95848.47 -0.731 0.0 0.76 0.03 1070000.0 8.44e-07 0.000929 -8.96 0.0
2023HO36 2122-10-24.072 96400.072 -0.15 0.0 1.52 0.029 13800000.0 5.4e-08 0.00093 -10.17 0.0
2015BP513 2108-11-25.416 91319.416 -0.707 0.0 1.55 0.034 33100000.0 1.73e-08 0.1 -8.96 0.0
2022BO1 2119-01-29.169 95036.169 2.597 0.0 0.89 0.001 929000.0 2.83e-08 0.0608 -8.96 0.0
2023UE 2074-09-02.346 78817.346 -3.566 0.0 0.23 0.009 388000.0 8.6e-09 0.00586 -10.03 0.0
2023UE 2108-09-07.498 91240.498 -3.723 0.0 2.01 0.005 118000.0 9.26e-09 0.00584 -10.22 0.0
2023UE 2114-09-06.121 93430.121 1.782 0.0 1.39 0.003 1890000.0 1.73e-07 0.00584 -8.97 0.0
2023UE 2121-09-02.760 95983.76 -2.214 0.0 1.28 0.006 790000.0 1.82e-07 0.00588 -8.98 0.0
2023UE 2122-09-05.031 96351.031 -0.442 0.0 0.49 0.0 314000000.0 5.48e-09 0.00586 -10.51 0.0
2019SU1 2116-03-13.532 93984.532 4.676 0.0 1.48 0.161 59200.0 4.54e-10 0.00828 -11.44 0.0
2019SU1 2119-03-14.191 95080.191 -0.654 0.0 2.35 0.099 4470000.0 1.35e-07 0.00837 -8.98 0.0
2021WU 2106-11-24.905 90587.905 -0.292 0.0 0.02 0.0 207000000.0 4.49e-09 0.494 -8.98 0.0
2021XK3 2062-11-30.925 74523.925 -4.204 0.0 1.1 0.001 11100.0 1e-08 0.0691 -8.99 0.0
2025SU 2084-09-15.970 82483.97 2.84 0.0 1.3 0.0 206000.0 5.28e-08 0.0149 -8.99 0.0
2025VT2 2082-11-12.956 81810.956 1.918 0.0 0.79 0.047 3910000.0 3.28e-08 0.0184 -9.11 0.0
2025VT2 2093-11-12.990 85828.99 -0.311 0.0 1.27 0.036 2680000.0 4.95e-08 0.0183 -9.01 0.0
2025VT2 2095-11-13.277 86559.277 1.917 0.587 1.28 0.042 970000.0 8.6e-09 0.0192 -9.76 0.0
2025VT2 2117-11-14.436 94595.436 -0.31 0.0 1.13 0.041 76800000.0 6.39e-09 0.0183 -10.03 0.0
2024MB1 2098-06-16.754 87505.754 -1.056 0.0 1.08 0.0 92100000.0 1.25e-08 0.0466 -9.31 0.0
2024MB1 2117-06-24.276 94452.276 -0.329 0.0 1.86 0.055 55600000.0 3.15e-08 0.0454 -9.02 0.0
2024MB1 2121-06-15.842 95904.842 -0.765 0.0 1.5 0.089 117000000.0 1.16e-08 0.0464 -9.47 0.0
2011CA7 2062-02-19.727 74239.727 -0.593 0.0 0.63 0.241 3120000.0 3.12e-07 0.000827 -9.02 0.0
2011CA7 2064-02-20.521 74970.521 -0.34 0.0 1.05 0.294 3960000.0 2.16e-07 0.000829 -9.2 0.0
2011CA7 2065-08-23.055 75520.055 -0.06 0.0 0.99 0.362 139000000.0 6.65e-09 0.000829 -10.73 0.0
2011CA7 2071-02-20.161 77527.161 -0.06 0.0 1.08 0.262 18000000.0 4.97e-08 0.000829 -9.92 0.0
2011CA7 2103-02-21.255 89215.255 -0.594 0.0 1.09 0.386 15400000.0 4.93e-08 0.000828 -10.14 0.0
2011CA7 2104-02-16.408 89575.408 -0.068 0.0 0.64 1.432 45000000.0 1.62e-08 0.000827 -10.63 0.0
2011CA7 2107-08-20.528 90856.528 -0.073 0.0 1.21 2.069 41700000.0 1.36e-08 0.000831 -10.72 0.0
2011CA7 2119-02-21.704 95059.704 -0.059 0.0 0.54 0.176 17600000.0 6.8e-08 0.000828 -10.08 0.0
2020UY 2075-10-22.220 79232.22 2.076 0.0 0.13 0.001 1490000.0 1.18e-07 0.0042 -9.02 0.0
2020UY 2081-10-24.343 81426.343 -3.804 0.0 1.38 0.013 335000.0 3.19e-09 0.0042 -10.63 0.0
2020UY 2087-10-24.212 83617.212 2.76 0.0 0.43 0.027 547000.0 6.02e-08 0.0042 -9.4 0.0
2020UY 2088-10-23.353 83982.353 2.244 0.0 1.24 0.013 2190000.0 4.34e-08 0.00419 -9.55 0.0
2020UY 2094-10-25.331 86175.331 3.006 0.0 0.86 0.011 1480000.0 1.01e-08 0.00418 -10.22 0.0
2020UY 2113-10-26.139 93115.139 3.007 0.0 0.92 0.016 16900000.0 9.2e-10 0.0042 -11.36 0.0
2020UY 2119-10-24.977 95304.977 2.817 0.0 0.11 0.0 28500000.0 1.01e-09 0.00419 -11.35 0.0
2020UY 2119-10-27.927 95307.927 -3.827 0.0 0.37 0.032 1310000.0 7.52e-10 0.00419 -11.47 0.0
2020UY 2120-10-24.394 95670.394 0.023 0.0 1.45 0.015 23800000.0 4.21e-08 0.00418 -9.73 0.0
2020UY 2121-10-23.931 96034.931 0.027 0.0 0.04 16.196 3010000000.0 3.75e-11 0.00419 -12.78 0.0
2020UY 2121-10-26.343 96037.343 -4.426 0.0 1.6 0.004 591000.0 8.15e-11 0.00418 -12.45 0.0
2019SO6 2077-02-06.612 79705.612 -3.547 0.0 0.56 0.037 1460000.0 9.3e-10 1.84 -9.02 0.0
2019SO6 2112-02-10.495 92491.495 -3.077 0.0 1.03 0.02 6070000.0 3.59e-10 1.85 -9.64 0.0
2021VN3 2069-08-26.819 76984.819 -0.36 0.0 1.52 0.015 708000.0 4.96e-07 0.000577 -9.03 0.0
2021VN3 2095-11-09.573 86555.573 -4.207 0.0 0.19 0.031 8940000.0 2.03e-11 0.000571 -13.61 0.0
2021VN3 2108-08-21.380 91223.38 -0.624 0.0 1.31 0.017 25900000.0 2.26e-08 0.000575 -10.63 0.0
2010CQ19 2114-03-11.737 93251.737 2.013 0.0 1.26 0.011 4740000.0 1.4e-08 0.114 -9.03 0.0
2021LK6 2081-06-09.868 81289.868 -4.648 0.0 1.1 0.001 420000.0 4.15e-11 0.0163 -12.04 0.0
2021LK6 2081-06-09.868 81289.868 -4.685 0.0 1.14 0.001 149000.0 6.62e-11 0.0163 -11.84 0.0
2021LK6 2084-06-09.619 82385.619 -3.698 0.0 0.77 0.0 1550000.0 7.35e-10 0.0163 -10.81 0.0
2021LK6 2086-06-10.116 83116.116 3.117 0.0 0.25 0.004 180000.0 4.53e-08 0.0165 -9.03 0.0
2021LK6 2096-06-09.633 86768.633 -4.191 0.0 1.04 0.004 103000.0 1.56e-09 0.0162 -10.57 0.0
2021LK6 2096-06-09.638 86768.638 3.729 0.0 0.05 0.002 172000.0 5.91e-09 0.0165 -9.98 0.0
2021LK6 2115-06-11.364 93708.364 3.776 0.0 0.66 0.001 81200.0 9.24e-09 0.0165 -9.89 0.0
2022GB 2121-03-31.645 95828.645 1.186 0.0 0.02 1.753 205000000.0 1.79e-09 0.00266 -11.26 0.0
2022GB 2122-03-31.895 96193.895 1.196 0.0 1.13 0.004 1810000.0 3e-07 0.00265 -9.04 0.0
2020TE6 2066-10-17.505 75940.505 3.138 0.0 0.72 0.0 525000.0 1.36e-08 0.0474 -9.04 0.0
2020TE6 2067-01-12.500 76027.5 3.067 0.0 1.39 0.027 123000000.0 1.78e-11 0.0474 -11.92 0.0
2025PS2 2112-08-09.656 92672.656 3.727 0.0 1.3 0.002 1050000.0 5.57e-10 1.93 -9.44 0.0
2025PS2 2115-08-10.410 93768.41 3.967 0.0 0.66 0.002 291000.0 1.42e-09 1.92 -9.05 0.0
2024BQ1 2115-01-22.189 93568.189 -2.134 0.0 1.91 0.0 229000.0 4.91e-07 0.0013 -9.05 0.0
2024BQ1 2121-01-21.463 95759.463 3.137 0.0 0.16 0.0 6940000.0 1.69e-09 0.0013 -11.54 0.0
2024BQ1 2121-01-21.505 95759.505 -3.906 0.0 1.9 0.0 317000.0 8.96e-10 0.00129 -11.82 0.0
2018LE1 2102-05-26.872 88944.872 -3.628 0.0 1.16 0.005 51400.0 4.07e-08 0.0231 -9.06 0.0
2025FO2 2105-12-04.239 90232.239 0.803 0.0 0.37 0.017 23500000.0 3.2e-08 0.0337 -9.06 0.0
2019SE11 2053-09-18.757 71163.757 1.143 0.174 1.38 72.232 1570000.0 1.11e-09 0.616 -9.07 0.0
2019SE11 2064-09-20.419 75183.419 1.136 0.393 0.73 223.702 1840000.0 5.27e-10 0.615 -9.53 0.0
2020CW 2046-02-01.124 68377.124 4.046 0.0 0.44 0.016 17300.0 1.37e-08 9.78e-05 -10.88 0.0
2020CW 2048-02-01.473 69107.473 -3.747 0.0 1.14 0.004 27200.0 8.84e-09 9.52e-05 -11.11 0.0
2020CW 2057-01-31.567 72394.567 -1.852 0.0 0.89 0.051 86700.0 1.33e-06 9.55e-05 -9.07 0.0
2024RK13 2103-11-03.638 89470.638 -0.151 0.0 2.26 0.025 7440000.0 7.06e-08 0.0118 -9.08 0.0
2020VK6 2090-12-09.716 84759.716 -4.822 0.0 1.0 0.001 4480.0 2.28e-09 0.675 -9.08 0.0
2023QJ5 2113-09-04.227 93063.227 2.677 0.0 1.03 0.014 1610000.0 1.35e-08 0.105 -9.08 0.0
2014OQ392 2104-10-12.360 89814.36 2.748 0.002 1.43 228.076 2110000.0 5.4e-11 88.0 -9.09 0.0
2025XK4 2096-12-16.806 86958.806 -1.284 0.0 1.45 0.377 20200000.0 2.31e-08 0.0399 -9.09 0.0
2021NB 2095-08-18.361 86472.361 -1.254 0.0 1.07 0.045 37100000.0 1.22e-08 0.0844 -9.1 0.0
2020DN3 2107-02-25.116 90680.116 3.258 0.0 0.93 0.001 410000.0 8.51e-09 0.152 -9.11 0.0
2020DN3 2117-02-24.648 94332.648 3.295 0.0 0.06 0.008 1640000.0 2.73e-09 0.152 -9.65 0.0
2020DN3 2121-02-24.858 95793.858 4.949 0.0 0.86 0.001 177000.0 2.29e-11 0.153 -11.74 0.0
2022WC11 2118-11-22.067 94968.067 3.727 0.0 1.64 0.122 17100000.0 1.91e-11 0.0154 -12.61 0.0
2022WC11 2119-11-21.742 95332.742 1.386 0.0 1.39 0.022 7080000.0 6.3e-08 0.0151 -9.11 0.0
2022WC11 2119-11-22.265 95333.265 -0.869 0.0 1.53 0.113 33200000.0 1.31e-08 0.0148 -9.8 0.0
2022WC11 2120-11-21.811 95698.811 4.224 0.0 0.67 0.119 4160000.0 4.01e-11 0.0155 -12.3 0.0
2022CL7 2067-02-13.758 76059.758 -2.548 0.0 1.34 0.002 330000.0 7.36e-08 0.00216 -9.37 0.0
2022CL7 2122-02-14.319 96148.319 -0.018 0.0 0.94 0.017 3950000.0 3.03e-07 0.00216 -9.11 0.0
2021GL16 2111-04-09.102 92184.102 -3.078 0.0 1.19 0.031 1800000.0 7.74e-09 0.174 -9.12 0.0
2021BV1 2064-01-18.576 74937.576 4.807 0.0 0.57 0.016 323000.0 2.3e-11 0.057 -11.7 0.0
2021BV1 2105-01-18.720 89912.72 1.058 0.0 0.78 0.0 20900000.0 1.78e-08 0.0562 -9.12 0.0
2021BV1 2105-01-18.723 89912.723 0.936 0.0 0.03 0.0 80800000.0 7.18e-09 0.0563 -9.52 0.0
2015FH37 2113-03-29.988 92904.988 3.177 0.0 0.82 0.009 11600000.0 3.79e-10 3.67 -9.39 0.0
2015FH37 2115-03-30.520 93635.52 4.279 0.0 0.86 0.015 143000.0 6.82e-10 3.74 -9.13 0.0
2021VM96 2067-11-09.134 76328.134 -1.548 0.0 0.89 0.008 310000.0 6.83e-07 0.000145 -9.35 0.0
2021VM96 2091-11-08.057 85093.057 -0.748 0.0 0.7 0.056 428000.0 1.5e-06 0.000173 -9.13 0.0
2022BK7 2075-01-10.527 78947.527 3.496 1.221 1.27 27.707 112000.0 9.41e-11 21.5 -9.14 0.0
2018QH36 2099-08-29.702 87944.702 4.443 0.0 1.28 0.01 43500.0 6.52e-10 3.02 -9.15 0.0
2025PC 2117-07-30.819 94488.819 0.826 0.0 1.57 0.002 3110000.0 4.81e-08 0.00324 -9.75 0.0
2025PC 2124-07-30.866 97045.866 0.828 0.0 1.46 0.002 1720000.0 2.08e-07 0.00325 -9.15 0.0
2025BP4 2063-01-23.739 74577.739 -3.036 0.0 0.74 0.005 317000.0 2.13e-08 0.0161 -9.16 0.0
2016JY5 2093-04-29.790 85631.79 -3.192 0.0 2.0 0.001 417000.0 6.67e-09 0.0552 -9.49 0.0
2016JY5 2095-04-30.258 86362.258 -3.298 0.0 1.98 0.0 2070000.0 1.05e-09 0.055 -10.31 0.0
2016JY5 2099-04-30.210 87823.21 -3.336 0.0 0.46 0.0 22700000.0 2.72e-10 0.0551 -10.92 0.0
2016JY5 2107-05-01.245 90745.245 -3.367 0.0 0.11 0.089 14600000.0 3.9e-10 0.0551 -10.8 0.0
2016JY5 2107-05-01.396 90745.396 -3.36 0.0 1.81 0.007 166000.0 1.73e-08 0.0551 -9.16 0.0
2019JX1 2102-05-03.357 88921.357 1.416 0.0 0.74 0.0 4070000.0 8.52e-08 0.00678 -9.16 0.0
2017AB21 2056-09-25.773 72266.773 -0.523 0.014 1.44 760.686 2990000.0 9.48e-11 5.68 -9.4 0.0
2017AB21 2066-09-25.738 75918.738 -0.525 0.004 1.45 547.702 10900000.0 8.86e-11 5.65 -9.56 0.0
2017AB21 2071-09-26.202 77745.202 -0.526 0.008 1.44 869.009 2650000.0 2.51e-10 5.66 -9.16 0.0
2017AB21 2076-09-25.441 79571.441 -0.527 0.009 1.38 909.103 3560000.0 2.18e-10 5.6 -9.26 0.0
2017AB21 2081-09-25.427 81397.427 -0.527 0.01 1.46 627.079 2230000.0 2.52e-10 5.63 -9.23 0.0
2020KJ4 2078-11-20.844 80357.844 1.74 0.0 2.56 0.0 3690000.0 1.32e-07 0.000977 -9.5 0.0
2020KJ4 2106-05-27.110 90406.11 1.627 0.0 0.33 0.011 1450000.0 4.13e-07 0.000973 -9.17 0.0
2020KJ4 2121-05-27.302 95885.302 -3.519 0.0 0.64 0.001 249000.0 1.78e-08 0.000978 -10.61 0.0
2013NJ4 2108-07-09.468 91180.468 1.014 0.0 0.79 0.011 39800000.0 2.5e-08 0.034 -9.17 0.0
2021LL15 2074-05-25.997 78717.997 2.928 0.0 0.36 1.479 2530000.0 3.54e-09 0.205 -9.17 0.0
2025EX1 2120-06-12.077 95536.077 0.75 0.0 1.89 0.174 8060000.0 1.75e-07 0.000443 -9.9 0.0
2025EX1 2122-07-22.888 96306.888 0.636 0.0 1.13 0.109 1600000.0 9.68e-07 0.000442 -9.17 0.0
2021UL7 2095-04-05.877 86337.877 -4.785 0.0 0.93 0.0 54500.0 7.21e-10 0.268 -9.92 0.0
2021UL7 2105-04-04.499 89988.499 -4.697 0.0 2.05 0.0 161000.0 3.42e-10 0.268 -10.3 0.0
2021UL7 2111-11-22.382 92411.382 -2.868 0.0 2.61 0.028 59100000.0 8.73e-10 0.267 -9.93 0.0
2021UL7 2114-04-04.576 93275.576 -4.563 0.0 2.45 0.0 20200.0 4.85e-09 0.268 -9.19 0.0
2021UL7 2120-04-05.239 95468.239 -4.85 0.0 2.05 0.0 173000.0 1.52e-10 0.268 -10.72 0.0
2022ED 2115-02-22.351 93599.351 1.494 0.0 0.79 0.032 3930000.0 1.59e-07 0.00345 -9.19 0.0
2025HH 2079-04-17.078 80505.078 0.755 0.0 1.32 0.017 2160000.0 4.89e-07 0.000456 -9.19 0.0
2025HH 2096-04-16.576 86714.576 0.607 0.0 0.25 0.0 64300000.0 1.81e-08 0.000454 -10.75 0.0
2025HH 2105-04-17.703 90001.703 0.609 0.0 1.11 0.0 55600000.0 1.64e-08 0.000455 -10.84 0.0
2023ET1 2089-11-19.806 84374.806 -1.773 0.0 1.2 0.002 49600000.0 4.19e-09 0.00218 -10.79 0.0
2023ET1 2099-03-10.189 87772.189 -0.564 0.0 1.59 0.0 76600000.0 5.38e-09 0.00217 -10.75 0.0
2023ET1 2111-11-11.891 92400.891 0.75 0.0 0.77 0.095 3930000.0 2.23e-07 0.00219 -9.2 0.0
2023ET1 2119-11-12.237 95323.237 0.335 0.0 1.16 0.059 742000000.0 1.37e-09 0.00218 -11.45 0.0
2023QR 2058-02-12.702 72771.702 0.469 0.0 1.07 0.003 11900000.0 2.62e-08 0.00992 -9.2 0.0
2023QR 2061-02-12.467 73867.467 0.471 0.0 0.96 0.003 22500000.0 1.94e-08 0.0099 -9.36 0.0
2023QR 2061-02-12.677 73867.677 2.777 0.0 0.83 0.002 7160000.0 2.67e-09 0.0101 -10.22 0.0
2023QR 2076-02-13.332 79346.332 -1.389 0.0 1.07 0.003 4480000.0 2.68e-08 0.00985 -9.37 0.0
2023QR 2103-08-16.826 89391.826 0.457 0.0 0.74 0.063 487000000.0 1.59e-09 0.00987 -10.77 0.0
2022OK 2120-07-20.644 95574.644 -1.103 0.0 0.44 0.002 14300000.0 7.21e-08 0.00953 -9.21 0.0
2023HF3 2057-04-20.178 72473.178 -4.054 0.0 0.3 0.002 139000.0 2.16e-09 0.00569 -10.44 0.0
2023HF3 2091-04-20.611 84891.611 -4.089 0.0 0.26 0.006 74600.0 3.54e-09 0.00565 -10.55 0.0
