data/esa_allip.ecsv
# %ECSV 1.0
# ---
# datatype:
# - {name: object_name, datatype: string}
# - {name: date, datatype: string}
# - {name: mjd, datatype: float64}
# - {name: sigma, datatype: float64}
# - {name: sigimp, datatype: float64}
# - {name: dist, datatype: float64}
# - {name: width, datatype: float64}
# - {name: stretch, datatype: float64}
# - {name: p_re, datatype: float64}
# - {name: exp_energy, datatype: float64}
# - {name: ps, datatype: float64}
# - {name: ts, datatype: float64}
# schema: astropy-2.0
object_name date mjd sigma sigimp dist width stretch p_re exp_energy ps ts
[from data line 32459]
2024TK13 2066-10-11.643 75934.643 -4.814 0.0 1.34 0.001 260000.0 3.82e-11 0.0102 -12.11 0.0
2024TK13 2092-10-11.209 85431.209 -4.571 0.0 1.64 0.001 137000.0 1.28e-10 0.0102 -11.8 0.0
2024TK13 2093-10-11.653 85796.653 -3.667 0.0 1.26 0.0 563000.0 2.11e-09 0.0102 -10.58 0.0
2024TK13 2098-10-12.049 87623.049 -4.773 0.0 0.91 0.0 401000.0 3.26e-11 0.0102 -12.43 0.0
2024TK13 2102-10-12.733 89083.733 -3.925 0.0 0.93 0.001 151000.0 3.43e-09 0.0102 -10.43 0.0
2024TK13 2102-10-12.750 89083.75 -4.331 0.0 1.53 0.001 566000.0 9.07e-11 0.0102 -12.0 0.0
2024TK13 2111-10-13.179 92371.179 -3.797 0.0 0.86 0.001 165000.0 5.26e-09 0.0102 -10.29 0.0
2017KJ32 2080-07-05.698 80950.698 0.181 0.0 0.95 0.0 509000000.0 6.92e-09 0.00393 -10.3 0.0
2019TA 2116-09-29.837 94184.837 0.061 0.0 0.29 0.0 90700000.0 1.82e-08 0.0021 -10.32 0.0
2020MA1 2101-07-06.611 88620.611 -2.937 0.0 1.0 0.0 167000000.0 1.93e-10 0.47 -10.33 0.0
2021SP 2033-09-17.500 63857.5 -3.59 0.0 1.26 0.001 703000.0 9.21e-10 0.00472 -10.34 0.0
2019QD 2112-08-21.711 92684.711 -3.607 0.0 0.66 0.01 305000.0 4.12e-09 0.0119 -10.34 0.0
2021KN2 2083-05-31.945 82010.945 -4.336 0.0 1.22 0.0 17800.0 3.54e-09 0.00864 -10.34 0.0
2021KN2 2110-06-01.862 91872.862 -0.807 0.0 0.29 0.0 197000000.0 4.43e-09 0.00889 -10.4 0.0
2008UM1 2073-10-20.589 78500.589 -0.571 0.0 1.21 0.063 1920000.0 7.43e-08 0.000152 -10.36 0.0
2021BW1 2093-12-25.741 85871.741 4.904 0.0 2.43 0.001 4360.0 4.57e-10 0.128 -10.37 0.0
2021BW1 2119-12-25.613 95366.613 4.456 0.0 2.26 0.001 1950000.0 3.26e-11 0.129 -11.65 0.0
2021HY9 2101-04-22.813 88545.813 -4.55 0.0 1.39 0.005 7760.0 2.28e-09 0.019 -10.37 0.0
2022GQ 2101-03-29.859 88521.859 -0.46 0.0 0.28 0.358 77700000.0 1.98e-08 0.000576 -10.65 0.0
2022GQ 2102-11-23.415 89125.415 -0.284 0.0 1.62 0.073 29700000.0 3.71e-08 0.000577 -10.39 0.0
2022GQ 2109-11-12.647 91671.647 -0.284 0.0 1.95 0.062 157000000.0 5.57e-09 0.000578 -11.25 0.0
2022GQ 2113-04-03.272 92909.272 -0.406 0.0 0.09 0.089 93600000.0 1.7e-08 0.000577 -10.78 0.0
2022GQ 2121-04-05.342 95833.342 -0.45 0.0 0.76 0.0 124000000.0 1.24e-08 0.000577 -10.95 0.0
2003SQ222 2101-09-28.431 88704.431 -0.683 0.0 1.21 0.049 13600000.0 1.21e-08 0.00225 -10.4 0.0
2021BR2 2113-08-24.999 93052.999 -1.793 0.0 1.28 0.018 4070000.0 6.07e-08 0.000338 -10.41 0.0
2021BR2 2119-08-22.123 95241.123 -1.787 0.0 1.18 0.016 15300000.0 1.49e-08 0.000339 -11.05 0.0
2009DM40 2041-02-22.528 66572.528 0.749 0.063 1.59 64.164 30300000.0 1.08e-10 0.111 -10.42 0.0
2021XD6 2103-12-12.561 89509.561 -3.999 0.0 1.87 0.001 115000.0 4.02e-09 0.00754 -10.46 0.0
2021XD6 2115-12-11.275 93891.275 -4.114 0.0 1.56 0.003 66000.0 5.14e-09 0.00753 -10.42 0.0
2021XD6 2121-12-10.128 96082.128 -4.067 0.0 2.32 0.001 982000.0 2.26e-10 0.00757 -11.8 0.0
2015RU178 2055-09-09.660 71884.66 4.261 0.0 1.07 0.015 135000.0 3.06e-10 0.0663 -10.43 0.0
2017VC14 2111-11-17.946 92406.946 -3.769 0.0 0.68 0.001 308000.0 2.6e-09 0.0154 -10.45 0.0
2020YS2 2105-09-15.608 90152.608 0.443 0.0 4.22 0.0 53900000.0 1.96e-08 0.000191 -11.06 0.0
2020YS2 2121-10-01.722 96012.722 -1.072 0.0 2.29 0.0 18600000.0 9.57e-08 0.000191 -10.45 0.0
2023ET2 2028-09-14.123 62028.123 1.538 0.653 1.31 1.289 356000.0 1.11e-09 0.000919 -10.45 0.0
2021UP120 2032-10-29.637 63534.637 -4.407 0.0 0.9 0.0 3350000.0 1.89e-11 7.62e-05 -13.39 0.0
2021UP120 2075-04-27.002 79054.002 0.921 0.0 0.21 0.032 7000000.0 9.7e-08 8.01e-05 -10.47 0.0
2021UP120 2117-04-27.290 94394.29 0.624 0.0 0.81 0.045 183000000.0 4.24e-09 8e-05 -12.1 0.0
2021UP120 2120-04-26.755 95489.755 0.922 0.0 1.21 0.024 1940000.0 1.38e-07 7.97e-05 -10.6 0.0
2011WQ4 2097-01-10.000 86982.999 2.787 0.0 0.69 0.008 31300000.0 8.81e-10 0.0431 -10.48 0.0
2022BU6 2108-02-14.784 91034.784 4.532 0.0 1.28 0.024 143000.0 1.61e-10 0.412 -10.49 0.0
2016VH 2115-10-24.400 93843.4 4.885 0.0 2.45 0.0 10300.0 6.29e-10 0.0814 -10.5 0.0
2022QA2 2071-08-15.792 77703.792 -4.988 0.0 0.72 0.002 1910.0 2.62e-09 0.00588 -10.51 0.0
2022QA2 2074-08-15.455 78799.455 -4.881 0.0 0.11 0.008 249000.0 3.73e-11 0.00587 -12.39 0.0
1995UB 2121-10-18.212 96029.212 2.778 0.0 1.35 0.003 2200000.0 6.65e-10 0.0773 -10.52 0.0
2020HE7 2071-04-24.306 77590.306 1.346 0.0 0.66 1.432 745000000.0 1.43e-09 0.00445 -10.87 0.0
2020HE7 2103-04-22.582 89275.582 -0.557 0.0 3.36 0.0 214000000.0 5.25e-09 0.00444 -10.53 0.0
2017UK52 2080-04-29.546 80883.546 3.498 0.0 1.22 197.528 483000.0 8.07e-11 0.457 -10.59 0.0
2022BM3 2097-01-24.222 86997.222 3.198 0.0 0.8 0.002 1080000.0 7.28e-09 0.00223 -10.59 0.0
2022BM3 2115-01-25.556 93571.556 -4.906 0.0 0.86 0.0 161000.0 4.76e-11 0.00221 -12.87 0.0
2022BM3 2120-01-25.787 95397.787 -3.718 0.0 0.79 0.001 518000.0 2.51e-09 0.0022 -11.17 0.0
2022QH2 2097-08-17.775 87202.775 4.317 0.0 0.27 0.016 2690000.0 3.11e-11 1.73 -10.65 0.0
2018GE 2112-05-29.905 92600.905 -2.517 0.0 3.21 0.0 149000000.0 1.07e-09 0.0246 -10.67 0.0
2021XF1 2073-12-03.974 78544.974 4.337 0.0 1.6 0.085 123000.0 3.76e-10 0.00221 -11.72 0.0
2021XF1 2075-12-05.809 79276.809 4.497 0.0 1.75 0.098 7590.0 1.2e-09 0.00221 -11.23 0.0
2021XF1 2075-12-05.815 79276.815 4.538 0.187 1.76 0.101 6780.0 7.77e-10 0.00234 -11.4 0.0
2021XF1 2086-12-06.048 83295.048 -3.52 0.0 1.76 0.093 146000.0 5.17e-09 0.00219 -10.69 0.0
2021XF1 2100-12-06.023 88408.023 3.447 0.0 1.2 0.055 152000000.0 1.87e-11 0.00221 -13.21 0.0
2021XF1 2121-12-05.831 96077.831 4.328 0.0 0.87 0.114 153000.0 7.19e-10 0.00221 -11.72 0.0
2007EK 2111-09-08.527 92336.527 1.162 0.0 0.98 0.0 129000000.0 4.9e-09 0.00341 -10.69 0.0
2020DW 2108-12-23.820 91347.82 3.966 0.0 2.12 0.002 42500.0 2.08e-08 0.000529 -10.7 0.0
2025KB1 2068-05-19.689 76520.689 -4.697 0.0 0.83 0.006 780000.0 2.52e-11 0.992 -10.71 0.0
2019AS5 2081-01-07.689 81136.689 -1.684 0.0 0.25 0.0 37100000.0 7.73e-09 5.17e-05 -11.77 0.0
2019AS5 2085-01-07.764 82597.764 3.932 0.0 1.45 0.0 94000.0 1.17e-09 5.16e-05 -12.62 0.0
2019AS5 2121-09-05.921 95986.921 0.114 0.0 0.13 0.004 7970000.0 1.47e-07 5.18e-05 -10.72 0.0
2013RZ53 2096-02-04.991 86642.991 -1.519 0.0 7.45 0.0 65600000.0 1.78e-08 0.000162 -11.11 0.0
2013RZ53 2099-01-29.965 87732.965 -1.896 0.0 5.57 0.045 22100000.0 4.26e-08 0.000162 -10.75 0.0
2013RZ53 2107-02-03.009 90658.009 -4.247 0.0 7.19 1.194 2860000.0 2.21e-10 0.000162 -13.07 0.0
2025MA 2080-06-19.513 80934.513 2.933 2.806 1.59 0.025 34800.0 9.71e-11 0.212 -10.78 0.0
2025MA 2119-06-21.075 95179.075 -4.961 0.0 1.21 0.008 52000.0 1.06e-10 0.209 -10.97 0.0
2018RW 2116-09-07.747 94162.747 -1.127 0.0 1.73 0.014 32500000.0 1.88e-08 0.000496 -10.8 0.0
2025QU11 2125-09-17.965 97459.965 -4.918 0.0 2.04 0.154 292000.0 1.14e-11 5.98 -10.8 0.0
2015HZ182 2089-04-12.557 84153.557 1.964 0.002 1.25 912.429 4770000.0 6.5e-11 0.135 -11.17 0.0
2015HZ182 2112-04-12.089 92553.089 2.917 0.017 1.13 359.658 11400000.0 9.05e-11 0.351 -10.82 0.0
2021XE 2079-12-02.549 80734.549 -3.227 0.0 2.49 0.02 8380000.0 1.76e-09 0.00442 -10.86 0.0
2024GV3 2082-07-24.716 81699.716 -3.01 1.244 1.45 0.107 380000.0 7.69e-10 0.0126 -10.87 0.0
2023AN6 2093-01-13.951 85525.951 -4.015 0.0 1.12 0.001 39500.0 7.2e-09 0.000842 -10.91 0.0
2025RP3 2081-09-16.166 81388.166 3.508 0.0 1.3 0.001 1810000.0 6.57e-10 0.00256 -11.48 0.0
2025RP3 2085-09-16.145 82849.145 4.644 0.0 0.68 0.0 308000.0 6.97e-11 0.00257 -12.48 0.0
2025RP3 2085-09-16.185 82849.185 4.346 0.0 0.99 0.0 1140000.0 5.99e-11 0.00257 -12.55 0.0
2025RP3 2089-09-16.239 84310.239 4.079 0.0 1.15 0.001 67500.0 2.76e-09 0.00257 -10.91 0.0
2025UZ7 2115-10-28.752 93847.752 3.639 0.0 1.63 0.036 919000.0 1.24e-09 0.00239 -11.44 0.0
2025UZ7 2125-10-28.126 97500.126 3.985 0.0 1.55 0.028 82200.0 4.48e-09 0.00239 -10.92 0.0
2007VF189 2072-11-13.705 78159.705 4.879 0.0 1.02 0.002 10700.0 4.77e-10 0.016 -10.92 0.0
2023UJ6 2120-10-18.897 95664.897 -4.632 0.0 0.8 0.027 100000.0 1.99e-10 0.106 -10.93 0.0
2016DB 2059-05-01.597 73214.597 2.645 2.407 1.57 7.934 330000.0 4.5e-10 0.0111 -10.93 0.0
2016DB 2074-02-14.450 78617.45 2.617 0.0 1.55 0.0 17000000.0 5.64e-10 0.011 -10.99 0.0
2009SH1 2075-09-15.567 79195.567 -3.58 0.0 2.33 6.524 381000.0 2.01e-09 0.000886 -11.33 0.0
2009SH1 2088-09-14.309 83943.309 -3.56 0.0 0.49 1.995 5610000.0 4.07e-10 0.000885 -12.12 0.0
2009SH1 2091-09-14.277 85038.277 -4.007 0.0 2.28 1.82 4830000.0 8.07e-11 0.000827 -12.86 0.0
2009SH1 2111-09-15.350 92343.35 -4.077 0.0 1.59 0.922 5260000.0 6.56e-11 0.00082 -13.06 0.0
2009SH1 2116-09-15.787 94170.787 -3.427 0.0 1.65 8.543 61800000.0 1.6e-11 0.0009 -13.67 0.0
2009SH1 2118-09-16.163 94901.163 -3.162 0.0 1.8 6.679 348000.0 8.37e-09 0.000946 -10.94 0.0
2016FF14 2106-03-30.333 90348.333 -4.525 0.0 0.97 0.003 201000.0 2.17e-10 0.0747 -10.95 0.0
2016FF14 2113-03-30.063 92905.063 -4.625 0.0 0.35 0.004 797000.0 3.4e-11 0.0747 -11.79 0.0
2016FF14 2120-03-29.736 95461.736 -4.637 0.0 1.38 0.006 624000.0 2.23e-11 0.0744 -12.0 0.0
2020BA15 2051-01-28.298 70199.298 4.559 0.0 0.56 0.006 428000.0 7.76e-11 0.0619 -10.98 0.0
2020BA15 2053-01-27.811 70929.811 4.808 0.0 1.27 0.002 536000.0 1.84e-11 0.062 -11.63 0.0
2022AY5 2109-01-11.662 91366.662 2.757 0.0 1.57 0.025 3520000.0 2.05e-09 0.00381 -11.02 0.0
2025YS1 2125-12-16.710 97549.71 4.057 0.0 0.92 0.002 226000.0 1.42e-09 0.00692 -11.05 0.0
2008VL 2031-10-28.285 63167.285 0.435 0.0 0.57 22.361 1470000.0 1.16e-11 0.0957 -11.08 0.0
2017WE30 2079-11-27.277 80729.277 -1.139 0.0 1.0 4.481 12400000.0 1.2e-08 0.000205 -11.09 0.0
2012BV1 2083-01-18.576 81877.576 0.41 0.0 1.51 0.029 60700000.0 8.38e-09 0.000319 -11.12 0.0
2018WE1 2074-11-25.151 78901.151 4.84 0.0 1.16 0.001 200000.0 2.43e-11 0.372 -11.14 0.0
2024HL2 2075-05-04.918 79061.918 -4.037 0.0 1.02 0.026 16600000.0 1.09e-11 0.945 -11.16 0.0
2025FH4 2125-03-15.434 97273.434 -3.607 0.0 1.95 0.052 1150000.0 6.36e-10 0.0126 -11.19 0.0
2022ES3 2066-03-12.080 75721.08 -4.831 0.0 0.09 0.002 236000.0 3.35e-11 0.166 -11.2 0.0
2017UK1 2112-04-10.227 92551.227 4.458 0.0 1.63 0.006 203000.0 1.38e-10 0.0666 -11.21 0.0
2024RD 2105-07-13.951 90088.951 -1.536 0.0 0.03 8.098 1290000000.0 8.8e-11 0.0993 -11.24 0.0
2023SR5 2121-07-24.173 95943.173 0.421 1.578 1.58 1.516 8620000.0 6.53e-10 0.00894 -11.28 0.0
2018KY2 2075-05-26.679 79083.679 -4.963 0.0 1.21 0.001 37300.0 6.12e-11 0.0768 -11.29 0.0
2021TS10 2120-04-10.575 95473.575 -4.525 0.0 0.22 0.0 2280000.0 2.05e-11 0.571 -11.33 0.0
2024US 2120-10-23.430 95669.43 -4.208 0.0 1.38 0.001 604000.0 2.13e-10 0.026 -11.4 0.0
2026AG5 2124-01-13.794 96846.794 -4.137 0.0 0.2 0.019 1450000.0 1.92e-10 0.0283 -11.42 0.0
2009VZ39 2112-11-14.248 92769.248 -0.459 0.0 1.86 63.694 78800000.0 4.15e-10 0.00863 -11.45 0.0
2019YS 2095-12-10.932 86586.932 -4.327 0.0 0.85 0.004 1720000.0 7.47e-11 0.000122 -13.58 0.0
2019YS 2095-12-10.982 86586.982 -4.315 0.0 0.6 0.007 1510000.0 9.35e-11 0.000123 -13.48 0.0
2019YS 2107-12-12.807 90970.807 -4.308 0.0 0.35 0.006 293000.0 5.13e-10 0.000122 -12.81 0.0
2019YS 2107-12-13.460 90971.46 -4.647 0.0 0.59 0.004 1030000.0 3.11e-11 0.000123 -14.03 0.0
2019YS 2108-12-16.229 91340.229 -5.004 0.0 1.83 0.003 112000.0 3.98e-11 0.000123 -13.93 0.0
2019YS 2111-12-20.788 92439.788 -4.221 0.0 0.32 0.005 1480000.0 1.47e-10 0.000122 -13.37 0.0
2019YS 2116-12-20.629 94266.629 4.155 0.0 0.32 0.003 1170000.0 2.47e-10 0.000123 -13.17 0.0
2019YS 2116-12-20.790 94266.79 -3.047 0.0 0.63 0.003 1230000.0 1.22e-08 0.000122 -11.48 0.0
2019YS 2116-12-20.791 94266.791 -3.158 0.0 0.84 0.003 1700000.0 6.04e-09 0.000123 -11.78 0.0
2019YS 2118-12-20.319 94996.319 -4.227 0.0 1.06 0.003 7860000.0 2.35e-11 0.000123 -14.2 0.0
2014WZ365 2114-12-12.418 93527.418 4.707 0.0 0.9 1.502 673000.0 1.28e-11 0.6 -11.5 0.0
2023JC1 2105-05-13.826 90027.826 -4.74 0.0 1.0 0.013 167000.0 4.2e-11 0.0943 -11.58 0.0
2024RZ3 2116-08-11.625 94135.625 -3.897 0.0 3.05 0.253 25700000.0 5.29e-11 0.0784 -11.6 0.0
2021XJ4 2091-06-01.966 84933.966 -4.517 0.0 0.87 0.663 790000.0 2.68e-11 0.123 -11.6 0.0
2025XL4 2117-12-05.395 94616.395 0.852 0.0 1.34 0.358 258000000.0 1.47e-09 0.00123 -11.6 0.0
2022UA14 2107-10-28.409 90925.409 -4.588 0.0 1.24 0.011 932000.0 1.45e-11 0.0158 -12.67 0.0
2022UA14 2111-10-28.687 92386.687 -4.577 0.0 1.1 0.034 339000.0 7.05e-11 0.0157 -12.0 0.0
2022UA14 2118-10-31.015 94946.015 -4.21 0.0 0.54 0.026 914000.0 1.59e-10 0.0157 -11.68 0.0
2022YM8 2094-10-11.631 86161.631 -2.957 0.0 4.26 28.196 6130000.0 4.73e-11 0.0471 -11.7 0.0
2026BZ5 2094-07-05.362 86063.362 3.737 0.0 1.56 0.055 6130000.0 5.39e-10 5.68e-05 -12.98 0.0
2026BZ5 2094-07-07.781 86065.781 3.726 0.0 3.26 0.011 303000.0 9.65e-09 5.67e-05 -11.73 0.0
2004OD4 2113-07-17.228 93014.228 -4.879 0.0 1.25 0.003 213000.0 3.21e-11 0.0826 -11.78 0.0
2017VN2 2110-11-21.161 92045.161 -4.308 0.0 2.1 0.006 1380000.0 5.67e-11 0.0363 -11.8 0.0
2025XN6 2113-12-14.492 93164.492 2.897 0.0 1.27 0.0 63700000.0 1.74e-10 0.00891 -11.82 0.0
2022WM3 2097-11-18.776 87295.776 4.137 0.0 1.01 0.006 2060000.0 1.37e-10 0.00891 -11.83 0.0
2025UN8 2111-10-27.951 92385.951 -3.777 0.0 0.19 0.0 7640000.0 1.33e-10 0.0117 -11.83 0.0
2021WR4 2098-02-09.972 87378.972 -2.907 0.0 0.52 0.0 24700000.0 1.29e-09 0.0005 -11.87 0.0
2023XQ16 2116-11-28.606 94244.606 4.569 0.0 5.34 0.107 101000.0 1.34e-09 0.000484 -11.96 0.0
2025GS 2092-04-06.154 85243.154 5.009 0.0 0.85 0.0 63500.0 5.68e-11 0.015 -12.01 0.0
2025XM6 2111-12-16.885 92435.885 3.217 0.0 0.66 0.032 70200000.0 1.04e-10 0.00935 -12.02 0.0
2024VK3 2119-11-18.400 95329.4 -3.927 0.0 0.27 0.022 25900000.0 1.93e-11 0.0684 -12.1 0.0
2024VK3 2120-11-18.536 95695.536 -4.611 0.0 0.47 0.01 1440000.0 1.8e-11 0.0683 -12.14 0.0
2026CR2 2086-08-04.193 83171.193 3.503 0.14 2.41 0.057 884000.0 3.59e-10 0.00077 -12.2 0.0
2022BD1 2122-01-29.207 96132.207 -3.387 0.0 0.4 0.009 59500000.0 4.57e-11 0.0114 -12.35 0.0
2017UL52 2106-10-21.042 90553.042 0.493 0.0 0.22 110.444 1500000000.0 1.1e-11 0.0187 -12.73 0.0
2017UL52 2120-10-20.498 95666.498 0.529 0.0 0.99 1380.961 49200000.0 2.56e-11 0.0197 -12.41 0.0
2019HR2 2097-04-23.680 87086.68 -3.637 0.0 0.49 0.004 40400000.0 4.22e-11 0.00502 -12.55 0.0
2022CS7 2114-02-18.757 93230.757 4.457 0.036 1.72 0.026 300000.0 1.52e-11 0.0184 -12.64 0.0
2025WR1 2114-11-23.614 93508.614 -1.461 0.0 0.02 2.863 2290000000.0 4.92e-11 0.00409 -12.65 0.0
2025UX18 2112-10-29.798 92753.798 -4.048 0.0 1.77 0.007 1160000.0 1.18e-10 0.000869 -12.79 0.0
2024EJ4 2112-03-14.767 92524.767 -3.757 0.0 0.89 0.052 37500000.0 3.16e-11 0.00345 -12.89 0.0
2022BA7 2117-01-27.235 94304.235 -4.8 0.0 1.33 0.002 54700.0 1.28e-10 0.000404 -13.04 0.0
2025KE4 2075-11-27.310 79268.31 4.705 0.0 0.69 2.373 1360000.0 1.97e-11 0.00207 -13.04 0.0
2025TV15 2072-10-15.121 78130.121 -4.678 0.0 1.15 0.005 112000.0 1.91e-10 5.98e-05 -13.25 0.0
2012AQ 2121-12-23.345 96095.345 -2.997 0.0 3.82 0.179 350000000.0 4.83e-11 0.000319 -13.57 0.0
